subject 	task 	staircase 	trialNum 	stimulus 	monitorWidth 	monitorHeight 	stimHeight  	ISI 	SOA 	responseSpatialPos 	responseX 	responseY 	correctX 	correctY 	clickX 	clickY 	accuracy 	responsePosInStream 	correctPosInStream 	position0 	position1 	position2 	position3 	position4 	position5 	position6 	position7 	position8 	position9 	position10 	position11 	position12 	position13 	position14 	position15 	position16 	position17 	position18 	position19 	position20 	position21 	position22 	position23 	longFrames
CB 	 dot-jump 	 False 	 0 	 circle 	 1024 	 768 	 1.16079767166 	 44.445 	 66.667 	 3 	 -2.90199417916 	 5.02640136157 	 2.90199417916 	 -5.02640136157 	 -2.97335193094 	 5.08104443895 	 False 	 3 	 10 	14 	22 	21 	3 	7 	13 	16 	5 	1 	8 	15 	20 	18 	9 	6 	2 	12 	11 	23 	17 	24 	19 	4 	10 	0
CB 	 dot-jump 	 False 	 1 	 circle 	 1024 	 768 	 1.16079767166 	 44.445 	 66.667 	 20 	 5.60622225078 	 1.50218272469 	 -1.50218272469 	 -5.60622225078 	 5.49505546731 	 1.16675835265 	 False 	 8 	 10 	8 	11 	6 	5 	3 	24 	2 	22 	20 	21 	12 	10 	14 	23 	1 	7 	4 	18 	19 	13 	15 	17 	16 	9 	0
CB 	 dot-jump 	 False 	 2 	 circle 	 1024 	 768 	 1.16079767166 	 44.445 	 66.667 	 24 	 1.50218272469 	 5.60622225078 	 5.80398835832 	 0.0 	 1.50549464858 	 5.26923127002 	 False 	 15 	 10 	9 	2 	11 	8 	18 	1 	3 	16 	21 	13 	19 	7 	17 	23 	14 	24 	15 	10 	20 	12 	22 	5 	4 	6 	0
CB 	 dot-jump 	 False 	 3 	 circle 	 1024 	 768 	 1.16079767166 	 44.445 	 66.667 	 11 	 -2.90199417916 	 -5.02640136157 	 5.60622225078 	 -1.50218272469 	 -2.67225300122 	 -4.89285760787 	 False 	 6 	 10 	9 	12 	2 	4 	21 	8 	11 	17 	24 	10 	18 	1 	6 	22 	5 	13 	19 	16 	23 	7 	3 	14 	15 	20 	0
CB 	 dot-jump 	 False 	 4 	 circle 	 1024 	 768 	 1.16079767166 	 44.445 	 66.667 	 4 	 -4.10403952609 	 4.10403952609 	 5.60622225078 	 -1.50218272469 	 -3.76373662144 	 3.68846188901 	 False 	 21 	 10 	10 	24 	21 	5 	11 	19 	9 	14 	23 	12 	18 	7 	20 	6 	2 	15 	16 	1 	8 	13 	22 	4 	17 	3 	0
CB 	 dot-jump 	 False 	 5 	 circle 	 1024 	 768 	 1.16079767166 	 44.445 	 66.667 	 21 	 5.02640136157 	 2.90199417916 	 5.02640136157 	 2.90199417916 	 4.85522024166 	 3.01098929715 	 True 	 10 	 10 	22 	13 	23 	3 	8 	19 	5 	17 	9 	10 	21 	18 	7 	4 	1 	11 	14 	6 	16 	15 	12 	24 	2 	20 	0
CB 	 dot-jump 	 False 	 6 	 circle 	 1024 	 768 	 1.16079767166 	 44.445 	 66.667 	 21 	 5.02640136157 	 2.90199417916 	 4.10403952609 	 4.10403952609 	 4.89285760787 	 2.93571456472 	 False 	 11 	 10 	17 	23 	8 	15 	19 	1 	5 	11 	12 	4 	22 	21 	9 	14 	20 	18 	24 	2 	6 	13 	10 	16 	3 	7 	0
CB 	 dot-jump 	 False 	 7 	 circle 	 1024 	 768 	 1.16079767166 	 44.445 	 66.667 	 22 	 4.10403952609 	 4.10403952609 	 1.50218272469 	 -5.60622225078 	 4.32829711466 	 3.87664872009 	 False 	 11 	 10 	24 	3 	20 	2 	23 	7 	11 	18 	8 	6 	14 	22 	13 	21 	12 	4 	9 	16 	5 	1 	19 	17 	10 	15 	0
CB 	 dot-jump 	 False 	 8 	 circle 	 1024 	 768 	 1.16079767166 	 44.445 	 66.667 	 2 	 -1.50218272469 	 5.60622225078 	 -1.50218272469 	 -5.60622225078 	 -1.65604411343 	 5.34450600245 	 False 	 14 	 10 	21 	8 	9 	5 	11 	10 	20 	13 	19 	15 	12 	3 	23 	22 	2 	6 	16 	24 	7 	4 	18 	14 	17 	1 	0
CB 	 dot-jump 	 False 	 9 	 circle 	 1024 	 768 	 1.16079767166 	 44.445 	 66.667 	 3 	 -2.90199417916 	 5.02640136157 	 5.02640136157 	 2.90199417916 	 -2.74752773365 	 4.40357184709 	 False 	 12 	 10 	1 	7 	5 	2 	22 	12 	15 	19 	13 	17 	21 	10 	3 	6 	8 	11 	14 	16 	24 	18 	23 	9 	20 	4 	0
CB 	 dot-jump 	 False 	 10 	 circle 	 1024 	 768 	 1.16079767166 	 44.445 	 66.667 	 3 	 -2.90199417916 	 5.02640136157 	 -1.50218272469 	 5.60622225078 	 -2.48406617015 	 4.9681323403 	 False 	 23 	 10 	23 	11 	14 	13 	9 	17 	6 	10 	4 	20 	2 	8 	19 	7 	16 	1 	5 	18 	15 	22 	21 	12 	24 	3 	0
CB 	 dot-jump 	 False 	 11 	 circle 	 1024 	 768 	 1.16079767166 	 44.445 	 66.667 	 21 	 5.02640136157 	 2.90199417916 	 4.10403952609 	 4.10403952609 	 5.00576970652 	 2.5969782688 	 False 	 16 	 10 	23 	20 	5 	3 	2 	1 	11 	18 	16 	8 	22 	14 	17 	12 	10 	9 	21 	4 	24 	7 	19 	13 	15 	6 	0
CB 	 dot-jump 	 False 	 12 	 circle 	 1024 	 768 	 1.16079767166 	 44.445 	 66.667 	 20 	 5.60622225078 	 1.50218272469 	 5.02640136157 	 2.90199417916 	 5.34450600245 	 1.27967045129 	 False 	 8 	 10 	16 	18 	8 	24 	2 	11 	19 	13 	20 	17 	21 	12 	7 	4 	1 	3 	6 	14 	15 	5 	22 	23 	10 	9 	0
CB 	 dot-jump 	 False 	 13 	 circle 	 1024 	 768 	 1.16079767166 	 44.445 	 66.667 	 3 	 -2.90199417916 	 5.02640136157 	 -4.10403952609 	 4.10403952609 	 -3.04862666337 	 5.00576970652 	 False 	 11 	 10 	21 	17 	22 	8 	14 	7 	23 	15 	9 	5 	4 	3 	2 	19 	18 	6 	24 	1 	10 	16 	12 	11 	13 	20 	0
CB 	 dot-jump 	 False 	 14 	 circle 	 1024 	 768 	 1.16079767166 	 44.445 	 66.667 	 15 	 2.90199417916 	 -5.02640136157 	 5.60622225078 	 -1.50218272469 	 2.93571456472 	 -4.74230814302 	 False 	 15 	 10 	23 	9 	11 	12 	16 	7 	24 	6 	3 	4 	18 	17 	22 	13 	14 	15 	21 	10 	20 	19 	8 	1 	2 	5 	0
CB 	 dot-jump 	 False 	 15 	 circle 	 1024 	 768 	 1.16079767166 	 44.445 	 66.667 	 23 	 2.90199417916 	 5.02640136157 	 2.90199417916 	 5.02640136157 	 2.97335193094 	 4.7046707768 	 True 	 10 	 10 	7 	15 	5 	4 	13 	19 	20 	2 	6 	21 	23 	16 	3 	1 	22 	9 	24 	17 	18 	10 	14 	12 	8 	11 	0
CB 	 dot-jump 	 False 	 16 	 circle 	 1024 	 768 	 1.16079767166 	 44.445 	 66.667 	 21 	 5.02640136157 	 2.90199417916 	 -4.10403952609 	 -4.10403952609 	 4.9681323403 	 2.70989036744 	 False 	 2 	 10 	13 	9 	21 	15 	4 	6 	8 	17 	18 	20 	10 	14 	24 	23 	16 	3 	22 	2 	12 	1 	5 	19 	11 	7 	0
CB 	 dot-jump 	 False 	 17 	 circle 	 1024 	 768 	 1.16079767166 	 44.445 	 66.667 	 3 	 -2.90199417916 	 5.02640136157 	 -1.50218272469 	 5.60622225078 	 -2.74752773365 	 4.9681323403 	 False 	 5 	 10 	23 	18 	21 	20 	16 	3 	9 	15 	4 	12 	2 	10 	17 	19 	24 	22 	13 	5 	14 	11 	1 	7 	8 	6 	0
CB 	 dot-jump 	 False 	 18 	 circle 	 1024 	 768 	 1.16079767166 	 44.445 	 66.667 	 10 	 -4.10403952609 	 -4.10403952609 	 -1.50218272469 	 -5.60622225078 	 -4.02719818494 	 -4.10247291737 	 False 	 9 	 10 	16 	18 	15 	23 	3 	19 	4 	17 	7 	10 	12 	6 	24 	22 	9 	11 	21 	2 	1 	20 	14 	13 	8 	5 	0
CB 	 dot-jump 	 False 	 19 	 circle 	 1024 	 768 	 1.16079767166 	 44.445 	 66.667 	 4 	 -4.10403952609 	 4.10403952609 	 -5.80398835832 	 0.0 	 -3.80137398766 	 3.87664872009 	 False 	 12 	 10 	17 	20 	24 	8 	5 	3 	15 	16 	21 	12 	7 	18 	4 	1 	10 	2 	19 	9 	6 	14 	22 	23 	11 	13 	0
CB 	 dot-jump 	 False 	 20 	 circle 	 1024 	 768 	 1.16079767166 	 44.445 	 66.667 	 9 	 -5.02640136157 	 -2.90199417916 	 4.10403952609 	 -4.10403952609 	 -4.85522024166 	 -3.27445086065 	 False 	 0 	 10 	9 	5 	23 	22 	21 	24 	18 	13 	6 	20 	16 	15 	17 	1 	12 	8 	10 	7 	14 	11 	3 	4 	2 	19 	0
CB 	 dot-jump 	 False 	 21 	 circle 	 1024 	 768 	 1.16079767166 	 44.445 	 66.667 	 20 	 5.60622225078 	 1.50218272469 	 -5.60622225078 	 1.50218272469 	 5.64560493216 	 1.24203308508 	 False 	 20 	 10 	23 	19 	21 	12 	8 	16 	2 	1 	7 	5 	6 	13 	3 	17 	9 	22 	10 	11 	4 	14 	20 	18 	24 	15 	0
CB 	 dot-jump 	 False 	 22 	 circle 	 1024 	 768 	 1.16079767166 	 44.445 	 66.667 	 9 	 -5.02640136157 	 -2.90199417916 	 -4.10403952609 	 -4.10403952609 	 -4.85522024166 	 -2.52170353637 	 False 	 0 	 10 	9 	22 	15 	4 	23 	12 	1 	17 	6 	5 	10 	20 	8 	14 	2 	24 	3 	16 	21 	18 	7 	13 	11 	19 	0
CB 	 dot-jump 	 False 	 23 	 circle 	 1024 	 768 	 1.16079767166 	 44.445 	 66.667 	 21 	 5.02640136157 	 2.90199417916 	 5.02640136157 	 2.90199417916 	 4.62939604437 	 2.93571456472 	 True 	 10 	 10 	13 	15 	18 	6 	8 	20 	3 	1 	7 	5 	21 	17 	10 	4 	9 	24 	12 	14 	16 	19 	23 	22 	2 	11 	0
CB 	 dot-jump 	 False 	 24 	 circle 	 1024 	 768 	 1.16079767166 	 44.445 	 66.667 	 23 	 2.90199417916 	 5.02640136157 	 4.10403952609 	 -4.10403952609 	 2.93571456472 	 4.74230814302 	 False 	 14 	 10 	12 	21 	4 	2 	19 	9 	20 	10 	15 	17 	16 	24 	7 	6 	23 	18 	13 	11 	5 	1 	8 	14 	3 	22 	0
CB 	 dot-jump 	 False 	 25 	 circle 	 1024 	 768 	 1.16079767166 	 44.445 	 66.667 	 10 	 -4.10403952609 	 -4.10403952609 	 -5.80398835832 	 0.0 	 -4.51648394573 	 -4.36593448087 	 False 	 13 	 10 	24 	18 	23 	13 	14 	16 	2 	1 	21 	15 	7 	12 	8 	10 	22 	6 	17 	9 	19 	20 	5 	3 	4 	11 	0
CB 	 dot-jump 	 False 	 26 	 circle 	 1024 	 768 	 1.16079767166 	 44.445 	 66.667 	 23 	 2.90199417916 	 5.02640136157 	 5.60622225078 	 1.50218272469 	 3.08626402958 	 5.00576970652 	 False 	 21 	 10 	7 	24 	10 	17 	13 	8 	15 	9 	16 	21 	20 	1 	22 	5 	2 	4 	14 	18 	3 	19 	6 	23 	12 	11 	0
CB 	 dot-jump 	 False 	 27 	 circle 	 1024 	 768 	 1.16079767166 	 44.445 	 66.667 	 24 	 1.50218272469 	 5.60622225078 	 5.80398835832 	 0.0 	 1.20439571886 	 5.45741810109 	 False 	 16 	 10 	1 	14 	21 	18 	8 	12 	9 	23 	17 	3 	19 	13 	2 	10 	11 	4 	24 	20 	22 	15 	6 	7 	5 	16 	0
CB 	 dot-jump 	 False 	 28 	 circle 	 1024 	 768 	 1.16079767166 	 44.445 	 66.667 	 16 	 4.10403952609 	 -4.10403952609 	 -5.60622225078 	 -1.50218272469 	 3.76373662144 	 -3.95192345251 	 False 	 13 	 10 	14 	19 	7 	21 	23 	3 	6 	1 	17 	11 	8 	15 	10 	16 	4 	18 	12 	5 	13 	20 	9 	22 	2 	24 	0
CB 	 dot-jump 	 False 	 29 	 circle 	 1024 	 768 	 1.16079767166 	 44.445 	 66.667 	 24 	 1.50218272469 	 5.60622225078 	 -1.50218272469 	 5.60622225078 	 1.39258254993 	 5.34450600245 	 False 	 20 	 10 	6 	9 	3 	8 	10 	12 	11 	5 	1 	13 	2 	20 	22 	23 	21 	16 	17 	15 	14 	18 	24 	4 	7 	19 	0
CB 	 dot-jump 	 False 	 30 	 circle 	 1024 	 768 	 1.16079767166 	 44.445 	 66.667 	 4 	 -4.10403952609 	 4.10403952609 	 -5.02640136157 	 2.90199417916 	 -4.10247291737 	 3.68846188901 	 False 	 21 	 10 	18 	20 	14 	9 	21 	12 	10 	19 	1 	16 	5 	8 	7 	3 	13 	2 	23 	15 	22 	24 	17 	4 	6 	11 	0
CB 	 dot-jump 	 False 	 31 	 circle 	 1024 	 768 	 1.16079767166 	 44.445 	 66.667 	 24 	 1.50218272469 	 5.60622225078 	 2.90199417916 	 -5.02640136157 	 1.91950567694 	 5.75851703081 	 False 	 17 	 10 	20 	9 	4 	13 	21 	18 	7 	17 	14 	22 	15 	6 	11 	2 	19 	1 	16 	24 	12 	10 	5 	23 	3 	8 	0
CB 	 dot-jump 	 False 	 32 	 circle 	 1024 	 768 	 1.16079767166 	 44.445 	 66.667 	 2 	 -1.50218272469 	 5.60622225078 	 -4.10403952609 	 4.10403952609 	 -1.61840674722 	 5.19395653759 	 False 	 11 	 10 	18 	11 	22 	16 	15 	12 	3 	17 	23 	20 	4 	2 	10 	13 	14 	7 	5 	6 	9 	24 	1 	21 	19 	8 	0
CB 	 dot-jump 	 False 	 33 	 circle 	 1024 	 768 	 1.16079767166 	 44.445 	 66.667 	 23 	 2.90199417916 	 5.02640136157 	 2.90199417916 	 5.02640136157 	 2.74752773365 	 4.89285760787 	 True 	 10 	 10 	3 	8 	1 	21 	22 	10 	16 	20 	2 	9 	23 	4 	18 	12 	19 	11 	17 	14 	5 	24 	6 	13 	15 	7 	0
CB 	 dot-jump 	 False 	 34 	 circle 	 1024 	 768 	 1.16079767166 	 44.445 	 66.667 	 3 	 -2.90199417916 	 5.02640136157 	 -5.60622225078 	 1.50218272469 	 -3.34972559308 	 4.74230814302 	 False 	 6 	 10 	19 	23 	15 	7 	24 	5 	3 	12 	20 	16 	6 	4 	8 	11 	14 	10 	9 	18 	22 	2 	13 	21 	1 	17 	0
CB 	 dot-jump 	 False 	 35 	 circle 	 1024 	 768 	 1.16079767166 	 44.445 	 66.667 	 22 	 4.10403952609 	 4.10403952609 	 -4.10403952609 	 -4.10403952609 	 3.83901135387 	 3.57554979037 	 False 	 15 	 10 	15 	9 	6 	12 	11 	1 	8 	14 	20 	16 	10 	21 	23 	3 	5 	22 	19 	4 	7 	18 	13 	24 	2 	17 	0
CB 	 dot-jump 	 False 	 36 	 circle 	 1024 	 768 	 1.16079767166 	 44.445 	 66.667 	 20 	 5.60622225078 	 1.50218272469 	 -5.60622225078 	 1.50218272469 	 5.19395653759 	 1.20439571886 	 False 	 5 	 10 	21 	15 	7 	4 	11 	20 	22 	1 	5 	13 	6 	18 	19 	16 	9 	10 	3 	12 	2 	24 	17 	23 	14 	8 	0
CB 	 dot-jump 	 False 	 37 	 circle 	 1024 	 768 	 1.16079767166 	 44.445 	 66.667 	 23 	 2.90199417916 	 5.02640136157 	 -1.50218272469 	 -5.60622225078 	 3.19917612823 	 4.77994550923 	 False 	 2 	 10 	18 	10 	23 	22 	19 	20 	1 	14 	5 	17 	12 	21 	2 	7 	13 	3 	9 	8 	15 	24 	11 	6 	4 	16 	0
CB 	 dot-jump 	 False 	 38 	 circle 	 1024 	 768 	 1.16079767166 	 44.445 	 66.667 	 10 	 -4.10403952609 	 -4.10403952609 	 0.0 	 -5.80398835832 	 -3.98956081873 	 -4.21538501602 	 False 	 12 	 10 	22 	19 	14 	21 	23 	3 	8 	16 	17 	5 	13 	9 	10 	24 	7 	4 	6 	1 	12 	15 	11 	20 	2 	18 	0
CB 	 dot-jump 	 False 	 39 	 circle 	 1024 	 768 	 1.16079767166 	 44.445 	 66.667 	 11 	 -2.90199417916 	 -5.02640136157 	 -5.60622225078 	 -1.50218272469 	 -3.04862666337 	 -4.89285760787 	 False 	 14 	 10 	10 	14 	19 	21 	15 	12 	7 	18 	16 	5 	8 	17 	9 	3 	11 	1 	6 	20 	13 	2 	23 	24 	4 	22 	0
CB 	 dot-jump 	 False 	 40 	 circle 	 1024 	 768 	 1.16079767166 	 44.445 	 66.667 	 11 	 -2.90199417916 	 -5.02640136157 	 -2.90199417916 	 -5.02640136157 	 -3.01098929715 	 -4.89285760787 	 True 	 10 	 10 	18 	24 	8 	17 	19 	20 	6 	9 	14 	5 	11 	10 	22 	4 	7 	12 	16 	1 	3 	2 	13 	23 	15 	21 	0
CB 	 dot-jump 	 False 	 41 	 circle 	 1024 	 768 	 1.16079767166 	 44.445 	 66.667 	 7 	 -5.80398835832 	 0.0 	 -5.80398835832 	 0.0 	 -5.72087966459 	 -0.188186831072 	 True 	 10 	 10 	17 	10 	22 	9 	19 	21 	12 	8 	5 	3 	7 	14 	16 	24 	2 	15 	4 	6 	18 	23 	13 	11 	1 	20 	0
CB 	 dot-jump 	 False 	 42 	 circle 	 1024 	 768 	 1.16079767166 	 44.445 	 66.667 	 9 	 -5.02640136157 	 -2.90199417916 	 -5.60622225078 	 -1.50218272469 	 -4.62939604437 	 -3.04862666337 	 False 	 0 	 10 	9 	3 	14 	17 	11 	10 	22 	20 	13 	5 	8 	23 	2 	19 	4 	1 	21 	6 	12 	7 	16 	24 	18 	15 	0
CB 	 dot-jump 	 False 	 43 	 circle 	 1024 	 768 	 1.16079767166 	 44.445 	 66.667 	 19 	 5.80398835832 	 0.0 	 4.10403952609 	 4.10403952609 	 5.72087966459 	 -0.0376373662144 	 False 	 19 	 10 	9 	15 	10 	6 	3 	8 	14 	21 	23 	17 	22 	1 	7 	5 	12 	18 	13 	20 	4 	19 	24 	11 	16 	2 	0
CB 	 dot-jump 	 False 	 44 	 circle 	 1024 	 768 	 1.16079767166 	 44.445 	 66.667 	 18 	 5.60622225078 	 -1.50218272469 	 5.60622225078 	 -1.50218272469 	 5.34450600245 	 -1.46785728236 	 True 	 10 	 10 	5 	15 	4 	17 	2 	16 	21 	12 	1 	8 	18 	19 	7 	10 	23 	20 	6 	3 	11 	22 	9 	14 	24 	13 	0
CB 	 dot-jump 	 False 	 45 	 circle 	 1024 	 768 	 1.16079767166 	 44.445 	 66.667 	 22 	 4.10403952609 	 4.10403952609 	 5.60622225078 	 1.50218272469 	 3.9142860863 	 4.21538501602 	 False 	 3 	 10 	16 	19 	9 	22 	10 	12 	14 	8 	11 	5 	20 	7 	23 	6 	2 	18 	13 	15 	1 	4 	3 	17 	21 	24 	0
CB 	 dot-jump 	 False 	 46 	 circle 	 1024 	 768 	 1.16079767166 	 44.445 	 66.667 	 5 	 -5.02640136157 	 2.90199417916 	 -4.10403952609 	 4.10403952609 	 -4.85522024166 	 3.01098929715 	 False 	 21 	 10 	22 	12 	1 	17 	6 	20 	2 	3 	21 	23 	4 	8 	15 	24 	10 	19 	14 	11 	16 	18 	13 	5 	7 	9 	0
CB 	 dot-jump 	 False 	 47 	 circle 	 1024 	 768 	 1.16079767166 	 44.445 	 66.667 	 2 	 -1.50218272469 	 5.60622225078 	 1.50218272469 	 5.60622225078 	 -1.58076938101 	 5.57033019973 	 False 	 19 	 10 	12 	11 	21 	6 	17 	10 	16 	23 	18 	5 	24 	1 	14 	8 	19 	20 	7 	15 	3 	2 	22 	4 	9 	13 	0
CB 	 dot-jump 	 False 	 48 	 circle 	 1024 	 768 	 1.16079767166 	 44.445 	 66.667 	 24 	 1.50218272469 	 5.60622225078 	 5.02640136157 	 2.90199417916 	 1.69368147965 	 5.41978073488 	 False 	 2 	 10 	3 	4 	24 	18 	6 	23 	7 	19 	10 	5 	21 	15 	12 	17 	13 	1 	9 	16 	2 	20 	11 	22 	8 	14 	0
CB 	 dot-jump 	 False 	 49 	 circle 	 1024 	 768 	 1.16079767166 	 44.445 	 66.667 	 4 	 -4.10403952609 	 4.10403952609 	 5.60622225078 	 1.50218272469 	 -3.87664872009 	 4.25302238223 	 False 	 11 	 10 	22 	18 	11 	12 	5 	14 	15 	2 	21 	3 	20 	4 	23 	16 	17 	13 	6 	8 	7 	1 	10 	9 	19 	24 	0
CB 	 dot-jump 	 False 	 50 	 circle 	 1024 	 768 	 1.16079767166 	 44.445 	 66.667 	 22 	 4.10403952609 	 4.10403952609 	 -5.02640136157 	 2.90199417916 	 4.36593448087 	 4.1777476498 	 False 	 5 	 10 	23 	2 	19 	24 	8 	22 	4 	11 	13 	7 	5 	6 	14 	21 	12 	15 	9 	3 	20 	10 	18 	16 	1 	17 	0
CB 	 dot-jump 	 False 	 51 	 circle 	 1024 	 768 	 1.16079767166 	 44.445 	 66.667 	 5 	 -5.02640136157 	 2.90199417916 	 2.90199417916 	 -5.02640136157 	 -4.4412092133 	 2.82280246608 	 False 	 12 	 10 	10 	2 	8 	1 	7 	19 	20 	21 	18 	3 	15 	9 	5 	13 	4 	22 	23 	11 	14 	24 	12 	6 	17 	16 	0
CB 	 dot-jump 	 False 	 52 	 circle 	 1024 	 768 	 1.16079767166 	 44.445 	 66.667 	 21 	 5.02640136157 	 2.90199417916 	 -1.50218272469 	 5.60622225078 	 4.93049497409 	 2.5969782688 	 False 	 13 	 10 	20 	23 	3 	9 	17 	19 	24 	5 	1 	12 	2 	7 	10 	21 	13 	16 	4 	14 	18 	11 	22 	15 	6 	8 	0
CB 	 dot-jump 	 False 	 53 	 circle 	 1024 	 768 	 1.16079767166 	 44.445 	 66.667 	 17 	 5.02640136157 	 -2.90199417916 	 5.60622225078 	 1.50218272469 	 5.08104443895 	 -3.16153876201 	 False 	 11 	 10 	4 	22 	14 	3 	11 	2 	5 	7 	19 	12 	20 	17 	21 	13 	18 	6 	16 	10 	23 	1 	24 	15 	8 	9 	0
CB 	 dot-jump 	 False 	 54 	 circle 	 1024 	 768 	 1.16079767166 	 44.445 	 66.667 	 18 	 5.60622225078 	 -1.50218272469 	 5.60622225078 	 1.50218272469 	 5.00576970652 	 -1.46785728236 	 False 	 14 	 10 	11 	1 	13 	9 	8 	22 	23 	12 	5 	6 	20 	19 	7 	4 	18 	14 	10 	17 	21 	24 	2 	16 	3 	15 	0
CB 	 dot-jump 	 False 	 55 	 circle 	 1024 	 768 	 1.16079767166 	 44.445 	 66.667 	 19 	 5.80398835832 	 0.0 	 5.60622225078 	 1.50218272469 	 5.53269283352 	 -0.0752747324288 	 False 	 7 	 10 	5 	14 	9 	1 	11 	22 	13 	19 	4 	2 	20 	8 	7 	12 	6 	15 	16 	18 	21 	24 	10 	23 	17 	3 	0
CB 	 dot-jump 	 False 	 56 	 circle 	 1024 	 768 	 1.16079767166 	 44.445 	 66.667 	 23 	 2.90199417916 	 5.02640136157 	 -5.60622225078 	 -1.50218272469 	 2.67225300122 	 5.00576970652 	 False 	 9 	 10 	4 	16 	12 	6 	18 	21 	5 	14 	10 	23 	8 	22 	3 	24 	9 	15 	11 	17 	2 	20 	1 	19 	13 	7 	0
CB 	 dot-jump 	 False 	 57 	 circle 	 1024 	 768 	 1.16079767166 	 44.445 	 66.667 	 4 	 -4.10403952609 	 4.10403952609 	 -5.60622225078 	 -1.50218272469 	 -3.80137398766 	 3.57554979037 	 False 	 1 	 10 	1 	4 	2 	22 	14 	5 	9 	20 	17 	6 	8 	19 	24 	11 	3 	21 	15 	16 	18 	23 	13 	10 	7 	12 	0
CB 	 dot-jump 	 False 	 58 	 circle 	 1024 	 768 	 1.16079767166 	 44.445 	 66.667 	 3 	 -2.90199417916 	 5.02640136157 	 1.50218272469 	 5.60622225078 	 -2.63461563501 	 4.93049497409 	 False 	 11 	 10 	14 	23 	21 	22 	5 	1 	13 	7 	16 	12 	24 	3 	10 	9 	8 	19 	2 	6 	15 	4 	18 	17 	11 	20 	0
CB 	 dot-jump 	 False 	 59 	 circle 	 1024 	 768 	 1.16079767166 	 44.445 	 66.667 	 23 	 2.90199417916 	 5.02640136157 	 1.50218272469 	 -5.60622225078 	 3.31208822687 	 4.62939604437 	 False 	 15 	 10 	11 	12 	2 	18 	9 	7 	19 	15 	10 	21 	14 	24 	4 	20 	5 	23 	8 	6 	16 	3 	13 	1 	17 	22 	0
CB 	 dot-jump 	 False 	 60 	 circle 	 1024 	 768 	 1.16079767166 	 44.445 	 66.667 	 5 	 -5.02640136157 	 2.90199417916 	 -5.60622225078 	 1.50218272469 	 -4.74230814302 	 3.23681349444 	 False 	 11 	 10 	16 	12 	11 	23 	13 	4 	22 	15 	7 	3 	6 	5 	20 	17 	10 	18 	1 	2 	14 	24 	9 	8 	19 	21 	0
CB 	 dot-jump 	 False 	 61 	 circle 	 1024 	 768 	 1.16079767166 	 44.445 	 66.667 	 22 	 4.10403952609 	 4.10403952609 	 2.90199417916 	 5.02640136157 	 3.95192345251 	 4.1777476498 	 False 	 17 	 10 	4 	7 	10 	14 	19 	8 	15 	24 	6 	5 	23 	3 	13 	11 	21 	1 	18 	22 	20 	16 	17 	12 	9 	2 	0
CB 	 dot-jump 	 False 	 62 	 circle 	 1024 	 768 	 1.16079767166 	 44.445 	 66.667 	 4 	 -4.10403952609 	 4.10403952609 	 -2.90199417916 	 5.02640136157 	 -3.72609925523 	 3.76373662144 	 False 	 6 	 10 	11 	10 	5 	17 	8 	14 	4 	7 	15 	6 	3 	1 	22 	24 	23 	13 	21 	9 	19 	2 	12 	18 	16 	20 	0
CB 	 dot-jump 	 False 	 63 	 circle 	 1024 	 768 	 1.16079767166 	 44.445 	 66.667 	 9 	 -5.02640136157 	 -2.90199417916 	 5.80398835832 	 0.0 	 -4.93049497409 	 -2.93571456472 	 False 	 16 	 10 	3 	18 	14 	21 	17 	12 	1 	20 	7 	16 	19 	8 	10 	6 	2 	4 	9 	13 	5 	24 	11 	23 	15 	22 	0
CB 	 dot-jump 	 False 	 64 	 circle 	 1024 	 768 	 1.16079767166 	 44.445 	 66.667 	 4 	 -4.10403952609 	 4.10403952609 	 -4.10403952609 	 4.10403952609 	 -4.14011028359 	 3.87664872009 	 True 	 10 	 10 	9 	12 	17 	1 	20 	24 	16 	22 	15 	13 	4 	5 	11 	10 	23 	18 	7 	19 	2 	3 	8 	6 	21 	14 	0
CB 	 dot-jump 	 False 	 65 	 circle 	 1024 	 768 	 1.16079767166 	 44.445 	 66.667 	 21 	 5.02640136157 	 2.90199417916 	 1.50218272469 	 -5.60622225078 	 5.30686863623 	 2.52170353637 	 False 	 2 	 10 	2 	15 	21 	23 	7 	4 	8 	19 	20 	18 	14 	16 	10 	6 	12 	22 	24 	3 	11 	1 	9 	17 	5 	13 	0
CB 	 dot-jump 	 False 	 66 	 circle 	 1024 	 768 	 1.16079767166 	 44.445 	 66.667 	 4 	 -4.10403952609 	 4.10403952609 	 4.10403952609 	 -4.10403952609 	 -4.4412092133 	 3.76373662144 	 False 	 11 	 10 	19 	18 	7 	20 	17 	21 	15 	12 	5 	24 	16 	4 	8 	22 	13 	23 	10 	1 	2 	9 	3 	14 	6 	11 	0
CB 	 dot-jump 	 False 	 67 	 circle 	 1024 	 768 	 1.16079767166 	 44.445 	 66.667 	 6 	 -5.60622225078 	 1.50218272469 	 -5.02640136157 	 2.90199417916 	 -5.49505546731 	 1.46785728236 	 False 	 15 	 10 	10 	20 	8 	1 	16 	9 	19 	21 	11 	3 	5 	13 	7 	15 	18 	6 	24 	2 	12 	4 	17 	23 	22 	14 	0
CB 	 dot-jump 	 False 	 68 	 circle 	 1024 	 768 	 1.16079767166 	 44.445 	 66.667 	 3 	 -2.90199417916 	 5.02640136157 	 -5.02640136157 	 2.90199417916 	 -3.31208822687 	 4.77994550923 	 False 	 14 	 10 	9 	17 	23 	13 	7 	19 	16 	12 	1 	2 	5 	21 	4 	24 	3 	8 	20 	6 	18 	22 	14 	10 	11 	15 	0
CB 	 dot-jump 	 False 	 69 	 circle 	 1024 	 768 	 1.16079767166 	 44.445 	 66.667 	 3 	 -2.90199417916 	 5.02640136157 	 2.90199417916 	 5.02640136157 	 -2.5969782688 	 4.85522024166 	 False 	 19 	 10 	18 	8 	17 	24 	5 	21 	15 	6 	2 	7 	23 	4 	19 	13 	12 	10 	20 	9 	14 	3 	22 	1 	11 	16 	0
CB 	 dot-jump 	 False 	 70 	 circle 	 1024 	 768 	 1.16079767166 	 44.445 	 66.667 	 17 	 5.02640136157 	 -2.90199417916 	 4.10403952609 	 -4.10403952609 	 4.89285760787 	 -3.08626402958 	 False 	 2 	 10 	6 	7 	17 	3 	13 	19 	12 	1 	9 	11 	16 	20 	18 	14 	8 	15 	23 	10 	4 	2 	5 	21 	24 	22 	0
CB 	 dot-jump 	 False 	 71 	 circle 	 1024 	 768 	 1.16079767166 	 44.445 	 66.667 	 6 	 -5.60622225078 	 1.50218272469 	 -4.10403952609 	 4.10403952609 	 -5.38214336866 	 1.54313201479 	 False 	 12 	 10 	3 	21 	9 	16 	7 	17 	1 	11 	10 	23 	4 	8 	6 	22 	13 	12 	20 	5 	14 	24 	2 	15 	19 	18 	0
CB 	 dot-jump 	 False 	 72 	 circle 	 1024 	 768 	 1.16079767166 	 44.445 	 66.667 	 5 	 -5.02640136157 	 2.90199417916 	 -5.60622225078 	 1.50218272469 	 -4.51648394573 	 2.82280246608 	 False 	 3 	 10 	3 	16 	10 	5 	23 	20 	19 	14 	1 	8 	6 	21 	15 	22 	11 	4 	17 	24 	13 	9 	12 	7 	18 	2 	0
CB 	 dot-jump 	 False 	 73 	 circle 	 1024 	 768 	 1.16079767166 	 44.445 	 66.667 	 7 	 -5.80398835832 	 0.0 	 -5.60622225078 	 1.50218272469 	 -4.89285760787 	 0.0376373662144 	 False 	 11 	 10 	5 	2 	15 	13 	8 	19 	3 	18 	22 	24 	6 	7 	12 	21 	10 	23 	9 	11 	20 	16 	17 	14 	4 	1 	0
CB 	 dot-jump 	 False 	 74 	 circle 	 1024 	 768 	 1.16079767166 	 44.445 	 66.667 	 3 	 -2.90199417916 	 5.02640136157 	 5.60622225078 	 1.50218272469 	 -2.93571456472 	 4.62939604437 	 False 	 18 	 10 	7 	15 	16 	1 	24 	23 	22 	2 	13 	6 	20 	12 	9 	4 	8 	18 	19 	11 	3 	17 	21 	5 	10 	14 	0
CB 	 dot-jump 	 False 	 75 	 circle 	 1024 	 768 	 1.16079767166 	 44.445 	 66.667 	 10 	 -4.10403952609 	 -4.10403952609 	 -2.90199417916 	 -5.02640136157 	 -3.98956081873 	 -4.14011028359 	 False 	 14 	 10 	15 	12 	14 	2 	18 	6 	21 	7 	1 	13 	11 	23 	19 	9 	10 	20 	3 	17 	4 	5 	8 	24 	22 	16 	0
CB 	 dot-jump 	 False 	 76 	 circle 	 1024 	 768 	 1.16079767166 	 44.445 	 66.667 	 23 	 2.90199417916 	 5.02640136157 	 1.50218272469 	 -5.60622225078 	 2.70989036744 	 5.2315939038 	 False 	 11 	 10 	8 	10 	2 	5 	6 	3 	16 	24 	21 	11 	14 	23 	12 	13 	1 	22 	17 	18 	15 	9 	19 	20 	4 	7 	0
CB 	 dot-jump 	 False 	 77 	 circle 	 1024 	 768 	 1.16079767166 	 44.445 	 66.667 	 23 	 2.90199417916 	 5.02640136157 	 2.90199417916 	 5.02640136157 	 2.82280246608 	 5.08104443895 	 True 	 10 	 10 	2 	18 	17 	3 	20 	24 	15 	1 	14 	19 	23 	16 	6 	4 	9 	11 	8 	12 	7 	21 	10 	5 	13 	22 	0
CB 	 dot-jump 	 False 	 78 	 circle 	 1024 	 768 	 1.16079767166 	 44.445 	 66.667 	 17 	 5.02640136157 	 -2.90199417916 	 5.60622225078 	 1.50218272469 	 4.89285760787 	 -2.8604398323 	 False 	 11 	 10 	19 	5 	9 	22 	21 	10 	11 	18 	16 	14 	20 	17 	1 	2 	24 	6 	3 	8 	15 	13 	7 	23 	12 	4 	0
CB 	 dot-jump 	 False 	 79 	 circle 	 1024 	 768 	 1.16079767166 	 44.445 	 66.667 	 10 	 -4.10403952609 	 -4.10403952609 	 1.50218272469 	 -5.60622225078 	 -3.9142860863 	 -4.10247291737 	 False 	 20 	 10 	5 	22 	18 	23 	2 	16 	8 	12 	19 	15 	14 	11 	9 	3 	21 	20 	13 	17 	4 	7 	10 	1 	6 	24 	0
CB 	 dot-jump 	 False 	 80 	 circle 	 1024 	 768 	 1.16079767166 	 44.445 	 66.667 	 23 	 2.90199417916 	 5.02640136157 	 1.50218272469 	 5.60622225078 	 3.01098929715 	 4.77994550923 	 False 	 15 	 10 	6 	2 	5 	20 	11 	17 	16 	14 	19 	3 	24 	7 	21 	13 	10 	23 	1 	12 	15 	4 	18 	22 	9 	8 	0
CB 	 dot-jump 	 False 	 81 	 circle 	 1024 	 768 	 1.16079767166 	 44.445 	 66.667 	 9 	 -5.02640136157 	 -2.90199417916 	 2.90199417916 	 -5.02640136157 	 -4.93049497409 	 -2.78516509987 	 False 	 14 	 10 	14 	11 	5 	21 	20 	23 	16 	24 	7 	19 	15 	10 	22 	13 	9 	12 	6 	17 	8 	3 	1 	2 	18 	4 	0
CB 	 dot-jump 	 False 	 82 	 circle 	 1024 	 768 	 1.16079767166 	 44.445 	 66.667 	 24 	 1.50218272469 	 5.60622225078 	 2.90199417916 	 5.02640136157 	 1.69368147965 	 5.90906649566 	 False 	 12 	 10 	6 	19 	12 	16 	21 	4 	15 	20 	1 	22 	23 	18 	24 	3 	5 	11 	10 	9 	2 	14 	8 	13 	17 	7 	0
CB 	 dot-jump 	 False 	 83 	 circle 	 1024 	 768 	 1.16079767166 	 44.445 	 66.667 	 4 	 -4.10403952609 	 4.10403952609 	 -5.80398835832 	 0.0 	 -3.80137398766 	 4.25302238223 	 False 	 13 	 10 	19 	20 	5 	13 	21 	2 	12 	23 	1 	6 	7 	24 	8 	4 	3 	9 	14 	17 	16 	18 	11 	10 	15 	22 	0
CB 	 dot-jump 	 False 	 84 	 circle 	 1024 	 768 	 1.16079767166 	 44.445 	 66.667 	 11 	 -2.90199417916 	 -5.02640136157 	 1.50218272469 	 -5.60622225078 	 -2.55934090258 	 -5.11868180516 	 False 	 23 	 10 	22 	2 	6 	5 	20 	23 	7 	8 	17 	16 	14 	13 	12 	21 	19 	15 	24 	10 	1 	18 	4 	9 	3 	11 	0
CB 	 dot-jump 	 False 	 85 	 circle 	 1024 	 768 	 1.16079767166 	 44.445 	 66.667 	 3 	 -2.90199417916 	 5.02640136157 	 5.02640136157 	 2.90199417916 	 -2.8604398323 	 4.89285760787 	 False 	 13 	 10 	7 	15 	16 	20 	9 	10 	14 	18 	19 	6 	21 	4 	11 	3 	8 	24 	1 	17 	2 	5 	13 	22 	23 	12 	0
CB 	 dot-jump 	 False 	 86 	 circle 	 1024 	 768 	 1.16079767166 	 44.445 	 66.667 	 2 	 -1.50218272469 	 5.60622225078 	 -4.10403952609 	 4.10403952609 	 -1.39258254993 	 5.30686863623 	 False 	 20 	 10 	15 	10 	3 	22 	16 	23 	18 	9 	8 	19 	4 	1 	21 	12 	11 	24 	13 	17 	20 	14 	2 	5 	6 	7 	0
CB 	 dot-jump 	 False 	 87 	 circle 	 1024 	 768 	 1.16079767166 	 44.445 	 66.667 	 4 	 -4.10403952609 	 4.10403952609 	 -2.90199417916 	 5.02640136157 	 -4.66703341059 	 3.95192345251 	 False 	 18 	 10 	19 	1 	11 	20 	10 	17 	2 	15 	9 	16 	3 	6 	23 	12 	22 	7 	24 	18 	4 	14 	5 	8 	13 	21 	0
CB 	 dot-jump 	 False 	 88 	 circle 	 1024 	 768 	 1.16079767166 	 44.445 	 66.667 	 21 	 5.02640136157 	 2.90199417916 	 5.80398835832 	 0.0 	 5.11868180516 	 2.67225300122 	 False 	 12 	 10 	4 	10 	9 	2 	20 	5 	11 	7 	12 	22 	19 	14 	21 	24 	16 	13 	3 	23 	6 	1 	18 	8 	17 	15 	0
CB 	 dot-jump 	 False 	 89 	 circle 	 1024 	 768 	 1.16079767166 	 44.445 	 66.667 	 10 	 -4.10403952609 	 -4.10403952609 	 -5.02640136157 	 -2.90199417916 	 -4.10247291737 	 -4.10247291737 	 False 	 11 	 10 	17 	19 	22 	20 	2 	21 	1 	12 	5 	3 	9 	10 	13 	6 	15 	24 	7 	11 	14 	18 	8 	23 	4 	16 	0
CB 	 dot-jump 	 False 	 90 	 circle 	 1024 	 768 	 1.16079767166 	 44.445 	 66.667 	 3 	 -2.90199417916 	 5.02640136157 	 0.0 	 5.80398835832 	 -2.82280246608 	 5.34450600245 	 False 	 15 	 10 	8 	4 	24 	11 	20 	19 	2 	14 	12 	6 	1 	23 	5 	18 	22 	3 	10 	15 	16 	21 	17 	13 	7 	9 	0
CB 	 dot-jump 	 False 	 91 	 circle 	 1024 	 768 	 1.16079767166 	 44.445 	 66.667 	 4 	 -4.10403952609 	 4.10403952609 	 -2.90199417916 	 -5.02640136157 	 -3.76373662144 	 3.83901135387 	 False 	 12 	 10 	17 	18 	23 	9 	8 	21 	10 	1 	22 	16 	11 	2 	4 	7 	3 	14 	13 	20 	12 	19 	24 	15 	5 	6 	0
CB 	 dot-jump 	 False 	 92 	 circle 	 1024 	 768 	 1.16079767166 	 44.445 	 66.667 	 5 	 -5.02640136157 	 2.90199417916 	 -5.02640136157 	 2.90199417916 	 -5.11868180516 	 2.74752773365 	 True 	 10 	 10 	17 	15 	20 	7 	16 	3 	4 	14 	23 	21 	5 	12 	9 	13 	22 	10 	18 	1 	19 	11 	2 	24 	6 	8 	0
CB 	 dot-jump 	 False 	 93 	 circle 	 1024 	 768 	 1.16079767166 	 44.445 	 66.667 	 3 	 -2.90199417916 	 5.02640136157 	 -5.80398835832 	 0.0 	 -2.82280246608 	 4.66703341059 	 False 	 12 	 10 	5 	8 	9 	12 	16 	6 	10 	15 	13 	18 	7 	24 	3 	19 	11 	14 	23 	2 	21 	1 	20 	17 	22 	4 	0
CB 	 dot-jump 	 False 	 94 	 circle 	 1024 	 768 	 1.16079767166 	 44.445 	 66.667 	 22 	 4.10403952609 	 4.10403952609 	 5.02640136157 	 2.90199417916 	 3.83901135387 	 4.36593448087 	 False 	 23 	 10 	23 	12 	11 	1 	14 	17 	7 	18 	10 	19 	21 	9 	2 	3 	4 	13 	24 	6 	5 	8 	15 	20 	16 	22 	0
CB 	 dot-jump 	 False 	 95 	 circle 	 1024 	 768 	 1.16079767166 	 44.445 	 66.667 	 6 	 -5.60622225078 	 1.50218272469 	 -5.02640136157 	 2.90199417916 	 -5.68324229838 	 1.61840674722 	 False 	 6 	 10 	9 	21 	11 	8 	18 	7 	6 	12 	17 	23 	5 	16 	10 	19 	1 	2 	14 	3 	22 	15 	4 	24 	13 	20 	0
CB 	 dot-jump 	 False 	 96 	 circle 	 1024 	 768 	 1.16079767166 	 44.445 	 66.667 	 14 	 1.50218272469 	 -5.60622225078 	 0.0 	 -5.80398835832 	 1.65604411343 	 -5.57033019973 	 False 	 20 	 10 	4 	24 	5 	3 	18 	7 	23 	15 	10 	19 	13 	16 	21 	12 	9 	11 	8 	22 	2 	17 	14 	20 	6 	1 	0
CB 	 dot-jump 	 False 	 97 	 circle 	 1024 	 768 	 1.16079767166 	 44.445 	 66.667 	 5 	 -5.02640136157 	 2.90199417916 	 4.10403952609 	 4.10403952609 	 -5.00576970652 	 2.82280246608 	 False 	 12 	 10 	20 	16 	4 	2 	11 	8 	7 	24 	18 	23 	22 	9 	5 	19 	15 	10 	17 	12 	14 	13 	21 	6 	3 	1 	0
CB 	 dot-jump 	 False 	 98 	 circle 	 1024 	 768 	 1.16079767166 	 44.445 	 66.667 	 11 	 -2.90199417916 	 -5.02640136157 	 -1.50218272469 	 5.60622225078 	 -3.01098929715 	 -5.04340707273 	 False 	 1 	 10 	24 	11 	15 	5 	13 	3 	21 	22 	20 	9 	2 	16 	18 	17 	14 	19 	6 	10 	23 	7 	4 	1 	12 	8 	0
CB 	 dot-jump 	 False 	 99 	 circle 	 1024 	 768 	 1.16079767166 	 44.445 	 66.667 	 10 	 -4.10403952609 	 -4.10403952609 	 1.50218272469 	 5.60622225078 	 -3.95192345251 	 -4.10247291737 	 False 	 20 	 10 	13 	22 	21 	6 	16 	2 	20 	15 	5 	11 	24 	9 	4 	8 	12 	3 	7 	23 	1 	18 	10 	17 	14 	19 	0
CB 	 dot-jump 	 False 	 100 	 circle 	 1024 	 768 	 1.16079767166 	 44.445 	 66.667 	 18 	 5.60622225078 	 -1.50218272469 	 -5.02640136157 	 2.90199417916 	 5.30686863623 	 -1.50549464858 	 False 	 16 	 10 	7 	21 	6 	20 	10 	8 	19 	3 	12 	16 	5 	22 	15 	17 	14 	13 	18 	1 	24 	9 	4 	11 	2 	23 	0
CB 	 dot-jump 	 False 	 101 	 circle 	 1024 	 768 	 1.16079767166 	 44.445 	 66.667 	 9 	 -5.02640136157 	 -2.90199417916 	 4.10403952609 	 4.10403952609 	 -4.40357184709 	 -2.74752773365 	 False 	 1 	 10 	12 	9 	8 	4 	7 	1 	10 	17 	20 	16 	22 	3 	11 	24 	23 	6 	5 	18 	15 	21 	14 	2 	19 	13 	0
CB 	 dot-jump 	 False 	 102 	 circle 	 1024 	 768 	 1.16079767166 	 44.445 	 66.667 	 18 	 5.60622225078 	 -1.50218272469 	 5.60622225078 	 1.50218272469 	 5.53269283352 	 -1.16675835265 	 False 	 9 	 10 	21 	3 	16 	8 	11 	7 	24 	10 	19 	18 	20 	13 	12 	9 	15 	2 	14 	5 	22 	6 	4 	23 	17 	1 	0
CB 	 dot-jump 	 False 	 103 	 circle 	 1024 	 768 	 1.16079767166 	 44.445 	 66.667 	 9 	 -5.02640136157 	 -2.90199417916 	 -5.60622225078 	 1.50218272469 	 -4.81758287545 	 -2.48406617015 	 False 	 14 	 10 	19 	3 	18 	21 	23 	2 	20 	10 	15 	12 	6 	14 	8 	22 	9 	4 	17 	1 	16 	24 	7 	5 	13 	11 	0
CB 	 dot-jump 	 False 	 104 	 circle 	 1024 	 768 	 1.16079767166 	 44.445 	 66.667 	 18 	 5.60622225078 	 -1.50218272469 	 4.10403952609 	 -4.10403952609 	 5.34450600245 	 -1.58076938101 	 False 	 16 	 10 	12 	9 	15 	3 	2 	20 	23 	11 	7 	24 	16 	5 	19 	6 	8 	4 	18 	1 	21 	22 	14 	10 	17 	13 	0
CB 	 dot-jump 	 False 	 105 	 circle 	 1024 	 768 	 1.16079767166 	 44.445 	 66.667 	 9 	 -5.02640136157 	 -2.90199417916 	 -2.90199417916 	 -5.02640136157 	 -5.04340707273 	 -2.89807719851 	 False 	 15 	 10 	1 	12 	18 	14 	4 	5 	20 	24 	3 	6 	11 	19 	10 	8 	2 	9 	7 	22 	23 	16 	17 	15 	21 	13 	0
CB 	 dot-jump 	 False 	 106 	 circle 	 1024 	 768 	 1.16079767166 	 44.445 	 66.667 	 17 	 5.02640136157 	 -2.90199417916 	 4.10403952609 	 -4.10403952609 	 5.08104443895 	 -2.63461563501 	 False 	 12 	 10 	24 	14 	5 	6 	20 	15 	23 	10 	11 	8 	16 	18 	17 	1 	22 	3 	12 	19 	13 	9 	21 	7 	2 	4 	0
CB 	 dot-jump 	 False 	 107 	 circle 	 1024 	 768 	 1.16079767166 	 44.445 	 66.667 	 12 	 -1.50218272469 	 -5.60622225078 	 5.60622225078 	 1.50218272469 	 -1.69368147965 	 -5.45741810109 	 False 	 11 	 10 	11 	8 	24 	19 	7 	15 	9 	3 	21 	10 	20 	12 	5 	6 	4 	1 	13 	2 	18 	16 	23 	17 	22 	14 	0
CB 	 dot-jump 	 False 	 108 	 circle 	 1024 	 768 	 1.16079767166 	 44.445 	 66.667 	 4 	 -4.10403952609 	 4.10403952609 	 1.50218272469 	 5.60622225078 	 -3.76373662144 	 3.98956081873 	 False 	 18 	 10 	2 	23 	8 	20 	14 	5 	13 	22 	7 	9 	24 	21 	19 	18 	3 	1 	6 	15 	4 	11 	17 	12 	16 	10 	0
CB 	 dot-jump 	 False 	 109 	 circle 	 1024 	 768 	 1.16079767166 	 44.445 	 66.667 	 4 	 -4.10403952609 	 4.10403952609 	 -4.10403952609 	 4.10403952609 	 -4.10247291737 	 4.06483555116 	 True 	 10 	 10 	22 	3 	17 	12 	20 	24 	13 	5 	10 	2 	4 	19 	18 	15 	21 	6 	1 	7 	8 	14 	11 	9 	23 	16 	0
CB 	 dot-jump 	 False 	 110 	 circle 	 1024 	 768 	 1.16079767166 	 44.445 	 66.667 	 3 	 -2.90199417916 	 5.02640136157 	 -5.60622225078 	 -1.50218272469 	 -2.97335193094 	 4.66703341059 	 False 	 5 	 10 	24 	13 	17 	7 	20 	3 	14 	18 	12 	19 	8 	1 	11 	15 	4 	16 	10 	21 	2 	22 	9 	23 	5 	6 	0
CB 	 dot-jump 	 False 	 111 	 circle 	 1024 	 768 	 1.16079767166 	 44.445 	 66.667 	 13 	 0.0 	 -5.80398835832 	 -4.10403952609 	 4.10403952609 	 0.33873629593 	 -5.75851703081 	 False 	 22 	 10 	18 	16 	20 	6 	10 	2 	11 	9 	7 	12 	4 	17 	15 	5 	19 	14 	24 	22 	8 	21 	1 	3 	13 	23 	0
CB 	 dot-jump 	 False 	 112 	 circle 	 1024 	 768 	 1.16079767166 	 44.445 	 66.667 	 21 	 5.02640136157 	 2.90199417916 	 -1.50218272469 	 -5.60622225078 	 4.74230814302 	 2.78516509987 	 False 	 9 	 10 	6 	16 	4 	22 	14 	10 	1 	8 	17 	21 	12 	20 	23 	5 	19 	24 	13 	9 	11 	15 	7 	2 	3 	18 	0
CB 	 dot-jump 	 False 	 113 	 circle 	 1024 	 768 	 1.16079767166 	 44.445 	 66.667 	 21 	 5.02640136157 	 2.90199417916 	 -5.02640136157 	 2.90199417916 	 4.89285760787 	 2.89807719851 	 False 	 1 	 10 	15 	21 	9 	8 	10 	13 	3 	4 	6 	17 	5 	20 	11 	23 	14 	7 	19 	12 	22 	2 	1 	18 	24 	16 	0
CB 	 dot-jump 	 False 	 114 	 circle 	 1024 	 768 	 1.16079767166 	 44.445 	 66.667 	 15 	 2.90199417916 	 -5.02640136157 	 5.02640136157 	 -2.90199417916 	 3.04862666337 	 -5.04340707273 	 False 	 9 	 10 	6 	18 	11 	21 	7 	3 	4 	8 	22 	15 	17 	2 	16 	20 	19 	9 	13 	10 	5 	24 	12 	1 	23 	14 	0
CB 	 dot-jump 	 False 	 115 	 circle 	 1024 	 768 	 1.16079767166 	 44.445 	 66.667 	 20 	 5.60622225078 	 1.50218272469 	 4.10403952609 	 -4.10403952609 	 5.15631917138 	 1.24203308508 	 False 	 13 	 10 	1 	22 	4 	13 	17 	11 	18 	14 	5 	15 	16 	19 	8 	20 	7 	23 	21 	9 	10 	3 	6 	12 	24 	2 	0
CB 	 dot-jump 	 False 	 116 	 circle 	 1024 	 768 	 1.16079767166 	 44.445 	 66.667 	 16 	 4.10403952609 	 -4.10403952609 	 5.02640136157 	 -2.90199417916 	 3.83901135387 	 -4.14011028359 	 False 	 7 	 10 	11 	18 	1 	15 	9 	24 	19 	16 	4 	12 	17 	23 	2 	13 	20 	6 	5 	8 	14 	7 	3 	22 	21 	10 	0
CB 	 dot-jump 	 False 	 117 	 circle 	 1024 	 768 	 1.16079767166 	 44.445 	 66.667 	 24 	 1.50218272469 	 5.60622225078 	 1.50218272469 	 -5.60622225078 	 1.27967045129 	 5.53269283352 	 False 	 12 	 10 	19 	16 	18 	4 	13 	11 	5 	3 	9 	22 	14 	12 	24 	15 	8 	10 	2 	23 	17 	21 	7 	6 	20 	1 	0
CB 	 dot-jump 	 False 	 118 	 circle 	 1024 	 768 	 1.16079767166 	 44.445 	 66.667 	 18 	 5.60622225078 	 -1.50218272469 	 5.60622225078 	 -1.50218272469 	 5.49505546731 	 -1.58076938101 	 True 	 10 	 10 	15 	22 	20 	14 	23 	11 	8 	1 	10 	4 	18 	19 	7 	17 	13 	3 	24 	12 	2 	6 	21 	16 	9 	5 	0
CB 	 dot-jump 	 False 	 119 	 circle 	 1024 	 768 	 1.16079767166 	 44.445 	 66.667 	 16 	 4.10403952609 	 -4.10403952609 	 -1.50218272469 	 5.60622225078 	 4.21538501602 	 -3.87664872009 	 False 	 9 	 10 	7 	3 	15 	12 	24 	20 	13 	19 	8 	16 	2 	21 	10 	14 	4 	23 	18 	11 	6 	5 	17 	9 	22 	1 	0
CB 	 dot-jump 	 False 	 120 	 circle 	 1024 	 768 	 1.16079767166 	 44.445 	 66.667 	 21 	 5.02640136157 	 2.90199417916 	 5.60622225078 	 1.50218272469 	 4.9681323403 	 2.97335193094 	 False 	 11 	 10 	17 	13 	7 	24 	23 	5 	11 	10 	6 	2 	20 	21 	8 	15 	12 	19 	14 	3 	16 	9 	18 	4 	1 	22 	0
CB 	 dot-jump 	 False 	 121 	 circle 	 1024 	 768 	 1.16079767166 	 44.445 	 66.667 	 20 	 5.60622225078 	 1.50218272469 	 5.80398835832 	 0.0 	 5.64560493216 	 1.43021991615 	 False 	 11 	 10 	2 	16 	12 	9 	13 	15 	7 	3 	17 	10 	19 	20 	11 	6 	23 	22 	4 	21 	8 	18 	14 	5 	1 	24 	0
CB 	 dot-jump 	 False 	 122 	 circle 	 1024 	 768 	 1.16079767166 	 44.445 	 66.667 	 24 	 1.50218272469 	 5.60622225078 	 4.10403952609 	 4.10403952609 	 1.61840674722 	 5.26923127002 	 False 	 11 	 10 	23 	20 	1 	15 	18 	16 	13 	6 	9 	14 	22 	24 	3 	12 	8 	19 	21 	10 	17 	4 	7 	2 	11 	5 	0
CB 	 dot-jump 	 False 	 123 	 circle 	 1024 	 768 	 1.16079767166 	 44.445 	 66.667 	 16 	 4.10403952609 	 -4.10403952609 	 -2.90199417916 	 5.02640136157 	 4.14011028359 	 -3.80137398766 	 False 	 19 	 10 	19 	7 	20 	14 	21 	4 	15 	17 	1 	13 	3 	18 	24 	6 	9 	12 	11 	2 	10 	16 	5 	8 	22 	23 	0
CB 	 dot-jump 	 False 	 124 	 circle 	 1024 	 768 	 1.16079767166 	 44.445 	 66.667 	 4 	 -4.10403952609 	 4.10403952609 	 2.90199417916 	 -5.02640136157 	 -4.32829711466 	 3.83901135387 	 False 	 13 	 10 	9 	2 	17 	18 	11 	19 	14 	6 	1 	20 	15 	3 	23 	4 	13 	16 	24 	10 	8 	22 	5 	12 	21 	7 	0
CB 	 dot-jump 	 False 	 125 	 circle 	 1024 	 768 	 1.16079767166 	 44.445 	 66.667 	 16 	 4.10403952609 	 -4.10403952609 	 2.90199417916 	 -5.02640136157 	 3.80137398766 	 -4.10247291737 	 False 	 17 	 10 	20 	9 	23 	1 	6 	2 	22 	3 	12 	17 	15 	7 	8 	18 	19 	13 	21 	16 	14 	10 	24 	5 	4 	11 	0
CB 	 dot-jump 	 False 	 126 	 circle 	 1024 	 768 	 1.16079767166 	 44.445 	 66.667 	 23 	 2.90199417916 	 5.02640136157 	 5.02640136157 	 2.90199417916 	 2.74752773365 	 4.74230814302 	 False 	 11 	 10 	13 	4 	5 	10 	6 	24 	14 	19 	22 	3 	21 	23 	15 	16 	12 	9 	7 	17 	2 	11 	20 	18 	8 	1 	0
CB 	 dot-jump 	 False 	 127 	 circle 	 1024 	 768 	 1.16079767166 	 44.445 	 66.667 	 16 	 4.10403952609 	 -4.10403952609 	 -5.02640136157 	 2.90199417916 	 4.40357184709 	 -4.10247291737 	 False 	 13 	 10 	23 	8 	2 	3 	7 	20 	21 	6 	14 	15 	5 	19 	17 	16 	12 	4 	1 	24 	22 	13 	9 	18 	11 	10 	0
CB 	 dot-jump 	 False 	 128 	 circle 	 1024 	 768 	 1.16079767166 	 44.445 	 66.667 	 4 	 -4.10403952609 	 4.10403952609 	 -2.90199417916 	 5.02640136157 	 -4.14011028359 	 4.02719818494 	 False 	 12 	 10 	8 	23 	7 	14 	10 	17 	18 	11 	15 	1 	3 	24 	4 	12 	6 	13 	9 	2 	21 	22 	16 	20 	5 	19 	0
CB 	 dot-jump 	 False 	 129 	 circle 	 1024 	 768 	 1.16079767166 	 44.445 	 66.667 	 4 	 -4.10403952609 	 4.10403952609 	 -5.60622225078 	 1.50218272469 	 -4.21538501602 	 3.53791242416 	 False 	 13 	 10 	8 	1 	19 	14 	7 	10 	24 	12 	2 	23 	6 	17 	21 	4 	3 	11 	20 	5 	16 	13 	18 	22 	9 	15 	0
CB 	 dot-jump 	 False 	 130 	 circle 	 1024 	 768 	 1.16079767166 	 44.445 	 66.667 	 23 	 2.90199417916 	 5.02640136157 	 2.90199417916 	 5.02640136157 	 2.74752773365 	 4.7046707768 	 True 	 10 	 10 	13 	6 	16 	21 	8 	17 	4 	9 	15 	10 	23 	22 	14 	24 	2 	5 	3 	11 	12 	18 	7 	1 	19 	20 	0
CB 	 dot-jump 	 False 	 131 	 circle 	 1024 	 768 	 1.16079767166 	 44.445 	 66.667 	 1 	 0.0 	 5.80398835832 	 0.0 	 5.80398835832 	 0.0 	 5.72087966459 	 True 	 10 	 10 	14 	7 	4 	9 	24 	3 	20 	23 	21 	18 	1 	13 	12 	8 	5 	10 	11 	17 	6 	16 	22 	19 	15 	2 	0
CB 	 dot-jump 	 False 	 132 	 circle 	 1024 	 768 	 1.16079767166 	 44.445 	 66.667 	 3 	 -2.90199417916 	 5.02640136157 	 -1.50218272469 	 5.60622225078 	 -2.93571456472 	 4.62939604437 	 False 	 23 	 10 	10 	4 	20 	15 	24 	8 	9 	1 	13 	23 	2 	11 	5 	16 	19 	12 	18 	7 	6 	17 	21 	22 	14 	3 	0
CB 	 dot-jump 	 False 	 133 	 circle 	 1024 	 768 	 1.16079767166 	 44.445 	 66.667 	 4 	 -4.10403952609 	 4.10403952609 	 -2.90199417916 	 -5.02640136157 	 -3.95192345251 	 4.14011028359 	 False 	 23 	 10 	21 	2 	22 	8 	18 	6 	10 	5 	16 	7 	11 	3 	1 	23 	24 	12 	14 	17 	20 	19 	13 	9 	15 	4 	0
CB 	 dot-jump 	 False 	 134 	 circle 	 1024 	 768 	 1.16079767166 	 44.445 	 66.667 	 16 	 4.10403952609 	 -4.10403952609 	 5.60622225078 	 -1.50218272469 	 4.47884657952 	 -4.36593448087 	 False 	 1 	 10 	10 	16 	19 	15 	4 	9 	21 	20 	13 	8 	18 	6 	1 	17 	5 	24 	22 	12 	2 	7 	11 	14 	23 	3 	0
CB 	 dot-jump 	 False 	 135 	 circle 	 1024 	 768 	 1.16079767166 	 44.445 	 66.667 	 11 	 -2.90199417916 	 -5.02640136157 	 5.60622225078 	 1.50218272469 	 -2.93571456472 	 -4.77994550923 	 False 	 6 	 10 	16 	5 	17 	19 	2 	14 	11 	18 	1 	21 	20 	3 	22 	10 	13 	23 	9 	8 	24 	6 	15 	4 	12 	7 	0
CB 	 dot-jump 	 False 	 136 	 circle 	 1024 	 768 	 1.16079767166 	 44.445 	 66.667 	 22 	 4.10403952609 	 4.10403952609 	 -4.10403952609 	 -4.10403952609 	 3.9142860863 	 3.83901135387 	 False 	 8 	 10 	9 	2 	15 	17 	11 	19 	8 	5 	22 	24 	10 	3 	4 	20 	14 	6 	12 	23 	18 	21 	7 	1 	13 	16 	0
CB 	 dot-jump 	 False 	 137 	 circle 	 1024 	 768 	 1.16079767166 	 44.445 	 66.667 	 21 	 5.02640136157 	 2.90199417916 	 -5.80398835832 	 0.0 	 4.66703341059 	 2.70989036744 	 False 	 15 	 10 	12 	19 	1 	10 	16 	15 	8 	13 	24 	23 	7 	14 	5 	11 	18 	21 	4 	22 	9 	17 	6 	20 	2 	3 	0
CB 	 dot-jump 	 False 	 138 	 circle 	 1024 	 768 	 1.16079767166 	 44.445 	 66.667 	 15 	 2.90199417916 	 -5.02640136157 	 0.0 	 5.80398835832 	 2.97335193094 	 -5.04340707273 	 False 	 18 	 10 	17 	4 	24 	13 	8 	14 	2 	20 	12 	3 	1 	7 	19 	23 	6 	21 	16 	18 	15 	11 	10 	22 	5 	9 	0
CB 	 dot-jump 	 False 	 139 	 circle 	 1024 	 768 	 1.16079767166 	 44.445 	 66.667 	 5 	 -5.02640136157 	 2.90199417916 	 -1.50218272469 	 -5.60622225078 	 -4.81758287545 	 2.8604398323 	 False 	 11 	 10 	19 	3 	10 	11 	21 	18 	23 	22 	6 	24 	12 	5 	20 	14 	2 	9 	4 	13 	15 	7 	17 	1 	16 	8 	0
CB 	 dot-jump 	 False 	 140 	 circle 	 1024 	 768 	 1.16079767166 	 44.445 	 66.667 	 11 	 -2.90199417916 	 -5.02640136157 	 0.0 	 -5.80398835832 	 -2.97335193094 	 -4.66703341059 	 False 	 11 	 10 	24 	18 	6 	1 	19 	14 	23 	10 	20 	12 	13 	11 	8 	16 	22 	2 	17 	3 	5 	15 	4 	21 	9 	7 	0
CB 	 dot-jump 	 False 	 141 	 circle 	 1024 	 768 	 1.16079767166 	 44.445 	 66.667 	 15 	 2.90199417916 	 -5.02640136157 	 2.90199417916 	 -5.02640136157 	 3.08626402958 	 -5.11868180516 	 True 	 10 	 10 	8 	18 	10 	19 	16 	1 	7 	6 	13 	4 	15 	5 	2 	20 	21 	9 	24 	17 	14 	23 	11 	3 	12 	22 	0
CB 	 dot-jump 	 False 	 142 	 circle 	 1024 	 768 	 1.16079767166 	 44.445 	 66.667 	 4 	 -4.10403952609 	 4.10403952609 	 -5.02640136157 	 2.90199417916 	 -3.98956081873 	 4.1777476498 	 False 	 2 	 10 	21 	12 	4 	15 	11 	13 	6 	8 	18 	2 	5 	3 	16 	14 	23 	7 	24 	9 	20 	10 	22 	1 	17 	19 	0
CB 	 dot-jump 	 False 	 143 	 circle 	 1024 	 768 	 1.16079767166 	 44.445 	 66.667 	 23 	 2.90199417916 	 5.02640136157 	 2.90199417916 	 5.02640136157 	 2.89807719851 	 4.7046707768 	 True 	 10 	 10 	14 	20 	16 	3 	8 	9 	22 	5 	11 	18 	23 	6 	17 	19 	1 	21 	2 	12 	4 	7 	24 	10 	13 	15 	0
CB 	 dot-jump 	 False 	 144 	 circle 	 1024 	 768 	 1.16079767166 	 44.445 	 66.667 	 11 	 -2.90199417916 	 -5.02640136157 	 -5.02640136157 	 -2.90199417916 	 -2.70989036744 	 -4.74230814302 	 False 	 17 	 10 	20 	23 	15 	13 	7 	8 	5 	18 	21 	19 	9 	12 	14 	10 	16 	17 	3 	11 	6 	24 	22 	2 	4 	1 	0
CB 	 dot-jump 	 False 	 145 	 circle 	 1024 	 768 	 1.16079767166 	 44.445 	 66.667 	 4 	 -4.10403952609 	 4.10403952609 	 5.02640136157 	 2.90199417916 	 -3.76373662144 	 3.95192345251 	 False 	 16 	 10 	17 	10 	11 	13 	5 	14 	2 	22 	24 	6 	21 	12 	19 	7 	3 	8 	4 	9 	18 	15 	16 	1 	20 	23 	0
CB 	 dot-jump 	 False 	 146 	 circle 	 1024 	 768 	 1.16079767166 	 44.445 	 66.667 	 17 	 5.02640136157 	 -2.90199417916 	 5.80398835832 	 0.0 	 4.7046707768 	 -3.04862666337 	 False 	 8 	 10 	6 	3 	13 	23 	21 	11 	16 	14 	17 	9 	19 	5 	24 	20 	4 	12 	8 	7 	2 	18 	15 	10 	1 	22 	0
CB 	 dot-jump 	 False 	 147 	 circle 	 1024 	 768 	 1.16079767166 	 44.445 	 66.667 	 5 	 -5.02640136157 	 2.90199417916 	 -5.60622225078 	 -1.50218272469 	 -4.74230814302 	 2.93571456472 	 False 	 11 	 10 	19 	24 	17 	18 	10 	15 	3 	22 	1 	13 	8 	5 	16 	2 	14 	4 	11 	20 	21 	23 	9 	6 	12 	7 	0
CB 	 dot-jump 	 False 	 148 	 circle 	 1024 	 768 	 1.16079767166 	 44.445 	 66.667 	 7 	 -5.80398835832 	 0.0 	 -5.80398835832 	 0.0 	 -5.75851703081 	 0.33873629593 	 True 	 10 	 10 	1 	6 	15 	14 	18 	11 	19 	10 	3 	24 	7 	21 	20 	17 	13 	22 	16 	5 	2 	9 	4 	12 	23 	8 	0
CB 	 dot-jump 	 False 	 149 	 circle 	 1024 	 768 	 1.16079767166 	 44.445 	 66.667 	 9 	 -5.02640136157 	 -2.90199417916 	 0.0 	 -5.80398835832 	 -4.4412092133 	 -2.82280246608 	 False 	 14 	 10 	6 	2 	22 	24 	16 	11 	17 	18 	1 	10 	13 	8 	20 	21 	9 	15 	3 	14 	23 	19 	12 	7 	5 	4 	0
CB 	 dot-jump 	 False 	 150 	 circle 	 1024 	 768 	 1.16079767166 	 44.445 	 66.667 	 10 	 -4.10403952609 	 -4.10403952609 	 -2.90199417916 	 -5.02640136157 	 -3.80137398766 	 -3.76373662144 	 False 	 13 	 10 	1 	22 	24 	20 	5 	18 	9 	4 	16 	7 	11 	15 	17 	10 	3 	23 	13 	21 	12 	19 	2 	8 	14 	6 	0
CB 	 dot-jump 	 False 	 151 	 circle 	 1024 	 768 	 1.16079767166 	 44.445 	 66.667 	 11 	 -2.90199417916 	 -5.02640136157 	 -1.50218272469 	 -5.60622225078 	 -2.89807719851 	 -5.19395653759 	 False 	 2 	 10 	10 	1 	11 	18 	24 	14 	8 	9 	16 	4 	12 	23 	2 	7 	22 	3 	20 	17 	6 	19 	13 	5 	15 	21 	0
CB 	 dot-jump 	 False 	 152 	 circle 	 1024 	 768 	 1.16079767166 	 44.445 	 66.667 	 3 	 -2.90199417916 	 5.02640136157 	 -1.50218272469 	 5.60622225078 	 -2.63461563501 	 5.11868180516 	 False 	 20 	 10 	1 	6 	13 	23 	10 	8 	14 	5 	12 	19 	2 	16 	17 	11 	15 	9 	21 	24 	4 	7 	3 	18 	20 	22 	0
CB 	 dot-jump 	 False 	 153 	 circle 	 1024 	 768 	 1.16079767166 	 44.445 	 66.667 	 14 	 1.50218272469 	 -5.60622225078 	 -1.50218272469 	 -5.60622225078 	 1.09148362022 	 -5.11868180516 	 False 	 2 	 10 	3 	4 	14 	6 	24 	15 	19 	11 	1 	16 	12 	17 	7 	18 	8 	9 	13 	5 	10 	21 	20 	22 	23 	2 	0
CB 	 dot-jump 	 False 	 154 	 circle 	 1024 	 768 	 1.16079767166 	 44.445 	 66.667 	 12 	 -1.50218272469 	 -5.60622225078 	 -1.50218272469 	 -5.60622225078 	 -1.46785728236 	 -5.45741810109 	 True 	 10 	 10 	6 	23 	5 	22 	18 	14 	10 	17 	16 	13 	12 	19 	20 	3 	4 	2 	7 	9 	15 	24 	1 	11 	21 	8 	0
CB 	 dot-jump 	 False 	 155 	 circle 	 1024 	 768 	 1.16079767166 	 44.445 	 66.667 	 4 	 -4.10403952609 	 4.10403952609 	 -2.90199417916 	 5.02640136157 	 -4.10247291737 	 3.80137398766 	 False 	 23 	 10 	15 	5 	9 	17 	10 	16 	2 	1 	6 	18 	3 	22 	8 	12 	14 	23 	13 	20 	21 	11 	24 	19 	7 	4 	0
CB 	 dot-jump 	 False 	 156 	 circle 	 1024 	 768 	 1.16079767166 	 44.445 	 66.667 	 3 	 -2.90199417916 	 5.02640136157 	 1.50218272469 	 5.60622225078 	 -2.89807719851 	 4.74230814302 	 False 	 0 	 10 	3 	12 	8 	22 	10 	6 	4 	13 	20 	23 	24 	1 	15 	11 	17 	14 	9 	7 	21 	5 	18 	16 	2 	19 	0
CB 	 dot-jump 	 False 	 157 	 circle 	 1024 	 768 	 1.16079767166 	 44.445 	 66.667 	 15 	 2.90199417916 	 -5.02640136157 	 5.60622225078 	 -1.50218272469 	 2.89807719851 	 -5.08104443895 	 False 	 23 	 10 	21 	23 	4 	10 	13 	12 	19 	1 	16 	8 	18 	22 	11 	17 	7 	14 	24 	2 	9 	5 	6 	3 	20 	15 	0
CB 	 dot-jump 	 False 	 158 	 circle 	 1024 	 768 	 1.16079767166 	 44.445 	 66.667 	 5 	 -5.02640136157 	 2.90199417916 	 -2.90199417916 	 -5.02640136157 	 -5.53269283352 	 2.89807719851 	 False 	 12 	 10 	2 	18 	21 	7 	20 	9 	10 	8 	12 	6 	11 	4 	5 	24 	19 	14 	16 	23 	15 	1 	3 	22 	13 	17 	0
CB 	 dot-jump 	 False 	 159 	 circle 	 1024 	 768 	 1.16079767166 	 44.445 	 66.667 	 15 	 2.90199417916 	 -5.02640136157 	 5.60622225078 	 1.50218272469 	 2.97335193094 	 -4.9681323403 	 False 	 13 	 10 	2 	23 	14 	10 	8 	4 	9 	3 	24 	18 	20 	13 	16 	15 	12 	17 	7 	19 	1 	21 	11 	6 	5 	22 	0
CB 	 dot-jump 	 False 	 160 	 circle 	 1024 	 768 	 1.16079767166 	 44.445 	 66.667 	 4 	 -4.10403952609 	 4.10403952609 	 5.80398835832 	 0.0 	 -4.02719818494 	 4.14011028359 	 False 	 17 	 10 	16 	3 	10 	18 	23 	5 	12 	7 	9 	22 	19 	1 	6 	2 	21 	11 	24 	4 	20 	8 	17 	14 	13 	15 	0
CB 	 dot-jump 	 False 	 161 	 circle 	 1024 	 768 	 1.16079767166 	 44.445 	 66.667 	 23 	 2.90199417916 	 5.02640136157 	 4.10403952609 	 -4.10403952609 	 3.08626402958 	 4.89285760787 	 False 	 12 	 10 	3 	20 	4 	6 	14 	13 	24 	12 	22 	2 	16 	17 	23 	15 	5 	9 	21 	18 	8 	10 	7 	1 	19 	11 	0
CB 	 dot-jump 	 False 	 162 	 circle 	 1024 	 768 	 1.16079767166 	 44.445 	 66.667 	 12 	 -1.50218272469 	 -5.60622225078 	 -5.02640136157 	 -2.90199417916 	 -1.69368147965 	 -5.38214336866 	 False 	 13 	 10 	4 	24 	1 	11 	5 	20 	14 	8 	7 	15 	9 	16 	18 	12 	10 	21 	3 	19 	13 	2 	6 	17 	23 	22 	0
CB 	 dot-jump 	 False 	 163 	 circle 	 1024 	 768 	 1.16079767166 	 44.445 	 66.667 	 5 	 -5.02640136157 	 2.90199417916 	 5.60622225078 	 -1.50218272469 	 -4.81758287545 	 2.78516509987 	 False 	 11 	 10 	13 	9 	7 	21 	1 	20 	23 	19 	15 	8 	18 	5 	2 	22 	24 	16 	11 	10 	6 	3 	17 	12 	4 	14 	0
CB 	 dot-jump 	 False 	 164 	 circle 	 1024 	 768 	 1.16079767166 	 44.445 	 66.667 	 15 	 2.90199417916 	 -5.02640136157 	 4.10403952609 	 -4.10403952609 	 2.67225300122 	 -5.04340707273 	 False 	 14 	 10 	5 	6 	19 	9 	10 	13 	12 	21 	20 	1 	16 	3 	4 	24 	15 	2 	18 	7 	23 	14 	8 	17 	11 	22 	0
CB 	 dot-jump 	 False 	 165 	 circle 	 1024 	 768 	 1.16079767166 	 44.445 	 66.667 	 3 	 -2.90199417916 	 5.02640136157 	 -5.60622225078 	 1.50218272469 	 -2.89807719851 	 4.85522024166 	 False 	 11 	 10 	1 	22 	16 	24 	10 	20 	4 	9 	17 	5 	6 	3 	15 	11 	21 	2 	18 	12 	23 	19 	13 	7 	8 	14 	0
CB 	 dot-jump 	 False 	 166 	 circle 	 1024 	 768 	 1.16079767166 	 44.445 	 66.667 	 23 	 2.90199417916 	 5.02640136157 	 1.50218272469 	 5.60622225078 	 3.1239013958 	 4.77994550923 	 False 	 15 	 10 	17 	13 	10 	1 	2 	19 	6 	9 	3 	21 	24 	15 	20 	8 	4 	23 	22 	12 	16 	7 	5 	11 	14 	18 	0
CB 	 dot-jump 	 False 	 167 	 circle 	 1024 	 768 	 1.16079767166 	 44.445 	 66.667 	 24 	 1.50218272469 	 5.60622225078 	 -5.60622225078 	 1.50218272469 	 1.58076938101 	 5.79615439702 	 False 	 9 	 10 	17 	12 	19 	21 	1 	15 	9 	7 	8 	24 	6 	5 	22 	13 	18 	23 	20 	11 	10 	2 	4 	14 	16 	3 	0
CB 	 dot-jump 	 False 	 168 	 circle 	 1024 	 768 	 1.16079767166 	 44.445 	 66.667 	 4 	 -4.10403952609 	 4.10403952609 	 5.60622225078 	 -1.50218272469 	 -4.25302238223 	 4.02719818494 	 False 	 17 	 10 	21 	16 	9 	10 	22 	11 	23 	14 	8 	3 	18 	17 	19 	7 	6 	5 	13 	4 	1 	15 	20 	12 	24 	2 	0
CB 	 dot-jump 	 False 	 169 	 circle 	 1024 	 768 	 1.16079767166 	 44.445 	 66.667 	 23 	 2.90199417916 	 5.02640136157 	 2.90199417916 	 5.02640136157 	 3.34972559308 	 4.85522024166 	 True 	 10 	 10 	19 	22 	3 	9 	13 	5 	4 	10 	1 	24 	23 	14 	11 	17 	12 	8 	7 	2 	20 	21 	15 	16 	6 	18 	0
CB 	 dot-jump 	 False 	 170 	 circle 	 1024 	 768 	 1.16079767166 	 44.445 	 66.667 	 17 	 5.02640136157 	 -2.90199417916 	 5.02640136157 	 -2.90199417916 	 4.74230814302 	 -2.78516509987 	 True 	 10 	 10 	6 	11 	24 	10 	3 	22 	14 	23 	4 	15 	17 	18 	19 	16 	20 	21 	8 	7 	13 	9 	1 	5 	2 	12 	0
CB 	 dot-jump 	 False 	 171 	 circle 	 1024 	 768 	 1.16079767166 	 44.445 	 66.667 	 3 	 -2.90199417916 	 5.02640136157 	 0.0 	 5.80398835832 	 -3.1239013958 	 4.89285760787 	 False 	 2 	 10 	13 	17 	3 	22 	18 	12 	2 	24 	10 	14 	1 	16 	6 	4 	21 	11 	7 	23 	19 	15 	5 	20 	8 	9 	0
CB 	 dot-jump 	 False 	 172 	 circle 	 1024 	 768 	 1.16079767166 	 44.445 	 66.667 	 2 	 -1.50218272469 	 5.60622225078 	 -1.50218272469 	 -5.60622225078 	 -1.43021991615 	 5.45741810109 	 False 	 11 	 10 	14 	4 	7 	23 	24 	9 	17 	13 	11 	15 	12 	2 	10 	1 	22 	19 	3 	6 	20 	8 	18 	21 	16 	5 	0
CB 	 dot-jump 	 False 	 173 	 circle 	 1024 	 768 	 1.16079767166 	 44.445 	 66.667 	 3 	 -2.90199417916 	 5.02640136157 	 -1.50218272469 	 -5.60622225078 	 -2.89807719851 	 4.9681323403 	 False 	 12 	 10 	9 	24 	11 	14 	2 	21 	16 	8 	4 	1 	12 	18 	3 	22 	20 	10 	19 	5 	13 	15 	23 	6 	7 	17 	0
CB 	 dot-jump 	 False 	 174 	 circle 	 1024 	 768 	 1.16079767166 	 44.445 	 66.667 	 4 	 -4.10403952609 	 4.10403952609 	 -1.50218272469 	 -5.60622225078 	 -4.10247291737 	 4.21538501602 	 False 	 2 	 10 	14 	18 	4 	19 	7 	10 	17 	9 	22 	1 	12 	5 	2 	11 	15 	6 	20 	16 	3 	21 	8 	24 	23 	13 	0
CB 	 dot-jump 	 False 	 175 	 circle 	 1024 	 768 	 1.16079767166 	 44.445 	 66.667 	 5 	 -5.02640136157 	 2.90199417916 	 -5.80398835832 	 0.0 	 -4.74230814302 	 2.67225300122 	 False 	 11 	 10 	16 	18 	2 	11 	10 	23 	15 	22 	19 	13 	7 	5 	21 	3 	6 	14 	17 	4 	1 	9 	24 	12 	8 	20 	0
CB 	 dot-jump 	 False 	 176 	 circle 	 1024 	 768 	 1.16079767166 	 44.445 	 66.667 	 22 	 4.10403952609 	 4.10403952609 	 5.60622225078 	 -1.50218272469 	 3.83901135387 	 4.06483555116 	 False 	 12 	 10 	9 	4 	8 	19 	20 	17 	15 	14 	24 	21 	18 	1 	22 	12 	23 	5 	6 	16 	13 	3 	11 	2 	7 	10 	0
CB 	 dot-jump 	 False 	 177 	 circle 	 1024 	 768 	 1.16079767166 	 44.445 	 66.667 	 3 	 -2.90199417916 	 5.02640136157 	 -2.90199417916 	 5.02640136157 	 -2.74752773365 	 5.08104443895 	 True 	 10 	 10 	16 	5 	6 	20 	4 	17 	24 	14 	19 	18 	3 	8 	1 	15 	9 	23 	21 	7 	12 	11 	10 	2 	13 	22 	0
CB 	 dot-jump 	 False 	 178 	 circle 	 1024 	 768 	 1.16079767166 	 44.445 	 66.667 	 9 	 -5.02640136157 	 -2.90199417916 	 5.80398835832 	 0.0 	 -5.00576970652 	 -3.01098929715 	 False 	 19 	 10 	3 	14 	2 	20 	23 	15 	12 	11 	1 	6 	19 	8 	22 	7 	13 	10 	16 	18 	5 	9 	21 	24 	4 	17 	0
CB 	 dot-jump 	 False 	 179 	 circle 	 1024 	 768 	 1.16079767166 	 44.445 	 66.667 	 9 	 -5.02640136157 	 -2.90199417916 	 -5.02640136157 	 -2.90199417916 	 -5.19395653759 	 -3.19917612823 	 True 	 10 	 10 	4 	2 	21 	3 	6 	24 	17 	19 	22 	13 	9 	18 	20 	5 	16 	23 	15 	11 	14 	7 	1 	12 	8 	10 	0
CB 	 dot-jump 	 False 	 180 	 circle 	 1024 	 768 	 1.16079767166 	 44.445 	 66.667 	 15 	 2.90199417916 	 -5.02640136157 	 1.50218272469 	 -5.60622225078 	 2.78516509987 	 -4.85522024166 	 False 	 9 	 10 	5 	10 	7 	2 	11 	20 	3 	24 	9 	15 	14 	19 	16 	8 	23 	21 	12 	22 	4 	18 	17 	13 	6 	1 	0
CB 	 dot-jump 	 False 	 181 	 circle 	 1024 	 768 	 1.16079767166 	 44.445 	 66.667 	 24 	 1.50218272469 	 5.60622225078 	 5.02640136157 	 2.90199417916 	 1.3173078175 	 5.57033019973 	 False 	 12 	 10 	7 	17 	23 	20 	13 	19 	15 	22 	14 	5 	21 	1 	24 	18 	6 	9 	10 	12 	8 	3 	4 	11 	2 	16 	0
CB 	 dot-jump 	 False 	 182 	 circle 	 1024 	 768 	 1.16079767166 	 44.445 	 66.667 	 24 	 1.50218272469 	 5.60622225078 	 2.90199417916 	 -5.02640136157 	 1.39258254993 	 5.64560493216 	 False 	 9 	 10 	19 	7 	21 	3 	12 	8 	10 	16 	17 	24 	15 	13 	2 	9 	23 	18 	20 	5 	11 	6 	14 	22 	1 	4 	0
CB 	 dot-jump 	 False 	 183 	 circle 	 1024 	 768 	 1.16079767166 	 44.445 	 66.667 	 17 	 5.02640136157 	 -2.90199417916 	 5.60622225078 	 -1.50218272469 	 4.9681323403 	 -3.08626402958 	 False 	 3 	 10 	6 	21 	5 	17 	11 	22 	9 	7 	3 	8 	18 	24 	12 	1 	15 	10 	16 	4 	20 	23 	2 	19 	14 	13 	0
CB 	 dot-jump 	 False 	 184 	 circle 	 1024 	 768 	 1.16079767166 	 44.445 	 66.667 	 2 	 -1.50218272469 	 5.60622225078 	 4.10403952609 	 4.10403952609 	 -1.65604411343 	 5.68324229838 	 False 	 12 	 10 	3 	21 	8 	4 	16 	13 	1 	10 	6 	17 	22 	7 	2 	23 	11 	14 	24 	15 	9 	19 	12 	20 	5 	18 	0
CB 	 dot-jump 	 False 	 185 	 circle 	 1024 	 768 	 1.16079767166 	 44.445 	 66.667 	 19 	 5.80398835832 	 0.0 	 4.10403952609 	 -4.10403952609 	 5.79615439702 	 -0.33873629593 	 False 	 8 	 10 	24 	15 	11 	17 	5 	18 	14 	3 	19 	10 	16 	7 	20 	2 	6 	9 	23 	4 	13 	21 	22 	1 	8 	12 	0
CB 	 dot-jump 	 False 	 186 	 circle 	 1024 	 768 	 1.16079767166 	 44.445 	 66.667 	 9 	 -5.02640136157 	 -2.90199417916 	 -5.60622225078 	 -1.50218272469 	 -5.41978073488 	 -3.04862666337 	 False 	 9 	 10 	10 	12 	13 	21 	23 	16 	19 	5 	6 	9 	8 	14 	7 	22 	2 	11 	3 	20 	15 	17 	24 	18 	1 	4 	0
CB 	 dot-jump 	 False 	 187 	 circle 	 1024 	 768 	 1.16079767166 	 44.445 	 66.667 	 22 	 4.10403952609 	 4.10403952609 	 5.02640136157 	 2.90199417916 	 3.83901135387 	 3.95192345251 	 False 	 15 	 10 	9 	3 	16 	18 	6 	14 	1 	11 	5 	8 	21 	23 	12 	10 	19 	22 	15 	7 	4 	17 	13 	24 	20 	2 	0
CB 	 dot-jump 	 False 	 188 	 circle 	 1024 	 768 	 1.16079767166 	 44.445 	 66.667 	 10 	 -4.10403952609 	 -4.10403952609 	 -2.90199417916 	 -5.02640136157 	 -3.9142860863 	 -4.06483555116 	 False 	 17 	 10 	21 	7 	9 	18 	4 	13 	6 	16 	15 	17 	11 	22 	5 	3 	20 	23 	1 	10 	19 	8 	2 	24 	14 	12 	0
CB 	 dot-jump 	 False 	 189 	 circle 	 1024 	 768 	 1.16079767166 	 44.445 	 66.667 	 16 	 4.10403952609 	 -4.10403952609 	 5.02640136157 	 -2.90199417916 	 4.29065974844 	 -4.25302238223 	 False 	 3 	 10 	21 	23 	11 	16 	13 	19 	6 	4 	1 	7 	17 	3 	9 	18 	5 	22 	20 	24 	14 	10 	8 	12 	2 	15 	0
CB 	 dot-jump 	 False 	 190 	 circle 	 1024 	 768 	 1.16079767166 	 44.445 	 66.667 	 11 	 -2.90199417916 	 -5.02640136157 	 5.60622225078 	 -1.50218272469 	 -2.5969782688 	 -4.7046707768 	 False 	 2 	 10 	24 	9 	11 	13 	23 	14 	22 	8 	21 	16 	18 	15 	12 	5 	3 	20 	10 	4 	1 	7 	2 	19 	6 	17 	0
CB 	 dot-jump 	 False 	 191 	 circle 	 1024 	 768 	 1.16079767166 	 44.445 	 66.667 	 11 	 -2.90199417916 	 -5.02640136157 	 5.02640136157 	 2.90199417916 	 -2.63461563501 	 -5.26923127002 	 False 	 23 	 10 	19 	5 	3 	8 	23 	16 	6 	2 	4 	12 	21 	1 	24 	22 	17 	13 	10 	9 	14 	18 	15 	20 	7 	11 	0
CB 	 dot-jump 	 False 	 192 	 circle 	 1024 	 768 	 1.16079767166 	 44.445 	 66.667 	 11 	 -2.90199417916 	 -5.02640136157 	 -1.50218272469 	 -5.60622225078 	 -2.82280246608 	 -4.74230814302 	 False 	 16 	 10 	7 	22 	13 	20 	2 	18 	16 	15 	24 	1 	12 	21 	10 	17 	6 	4 	11 	3 	5 	23 	8 	9 	14 	19 	0
CB 	 dot-jump 	 False 	 193 	 circle 	 1024 	 768 	 1.16079767166 	 44.445 	 66.667 	 16 	 4.10403952609 	 -4.10403952609 	 5.60622225078 	 -1.50218272469 	 4.25302238223 	 -4.10247291737 	 False 	 22 	 10 	13 	9 	6 	21 	23 	12 	19 	1 	7 	10 	18 	17 	8 	20 	4 	11 	2 	15 	24 	14 	22 	3 	16 	5 	0
CB 	 dot-jump 	 False 	 194 	 circle 	 1024 	 768 	 1.16079767166 	 44.445 	 66.667 	 4 	 -4.10403952609 	 4.10403952609 	 0.0 	 5.80398835832 	 -4.06483555116 	 4.14011028359 	 False 	 9 	 10 	13 	7 	22 	8 	18 	9 	14 	15 	24 	4 	1 	6 	5 	2 	3 	17 	16 	11 	10 	23 	12 	21 	19 	20 	0
CB 	 dot-jump 	 False 	 195 	 circle 	 1024 	 768 	 1.16079767166 	 44.445 	 66.667 	 6 	 -5.60622225078 	 1.50218272469 	 -5.80398835832 	 0.0 	 -5.49505546731 	 1.43021991615 	 False 	 6 	 10 	24 	2 	21 	8 	5 	16 	6 	22 	15 	3 	7 	13 	20 	11 	1 	19 	14 	10 	18 	17 	9 	23 	4 	12 	0
CB 	 dot-jump 	 False 	 196 	 circle 	 1024 	 768 	 1.16079767166 	 44.445 	 66.667 	 20 	 5.60622225078 	 1.50218272469 	 5.60622225078 	 1.50218272469 	 5.49505546731 	 1.65604411343 	 True 	 10 	 10 	6 	12 	14 	11 	4 	16 	23 	7 	18 	17 	20 	9 	3 	2 	10 	22 	8 	21 	5 	1 	15 	19 	13 	24 	0
CB 	 dot-jump 	 False 	 197 	 circle 	 1024 	 768 	 1.16079767166 	 44.445 	 66.667 	 10 	 -4.10403952609 	 -4.10403952609 	 -4.10403952609 	 -4.10403952609 	 -4.14011028359 	 -4.02719818494 	 True 	 10 	 10 	21 	5 	6 	8 	14 	13 	20 	23 	16 	17 	10 	9 	18 	22 	3 	2 	12 	7 	19 	15 	24 	4 	1 	11 	0
CB 	 dot-jump 	 False 	 198 	 circle 	 1024 	 768 	 1.16079767166 	 44.445 	 66.667 	 10 	 -4.10403952609 	 -4.10403952609 	 -1.50218272469 	 -5.60622225078 	 -3.87664872009 	 -4.25302238223 	 False 	 6 	 10 	18 	20 	14 	5 	4 	1 	10 	19 	17 	6 	12 	24 	22 	7 	23 	21 	15 	11 	13 	9 	2 	3 	16 	8 	0
CB 	 dot-jump 	 False 	 199 	 circle 	 1024 	 768 	 1.16079767166 	 44.445 	 66.667 	 4 	 -4.10403952609 	 4.10403952609 	 -4.10403952609 	 4.10403952609 	 -3.98956081873 	 4.06483555116 	 True 	 10 	 10 	20 	1 	12 	21 	16 	6 	22 	19 	11 	14 	4 	15 	18 	2 	7 	3 	10 	24 	17 	8 	13 	9 	23 	5 	0
CB 	 dot-jump 	 False 	 200 	 circle 	 1024 	 768 	 1.16079767166 	 44.445 	 66.667 	 10 	 -4.10403952609 	 -4.10403952609 	 -5.02640136157 	 -2.90199417916 	 -4.40357184709 	 -4.06483555116 	 False 	 20 	 10 	24 	21 	8 	12 	22 	18 	13 	2 	5 	1 	9 	3 	14 	20 	19 	4 	6 	11 	15 	16 	10 	17 	23 	7 	0
CB 	 dot-jump 	 False 	 201 	 circle 	 1024 	 768 	 1.16079767166 	 44.445 	 66.667 	 5 	 -5.02640136157 	 2.90199417916 	 -5.60622225078 	 -1.50218272469 	 -4.81758287545 	 2.89807719851 	 False 	 13 	 10 	23 	17 	22 	16 	4 	7 	18 	3 	20 	10 	8 	6 	1 	5 	21 	11 	9 	2 	12 	13 	14 	15 	24 	19 	0
CB 	 dot-jump 	 False 	 202 	 circle 	 1024 	 768 	 1.16079767166 	 44.445 	 66.667 	 5 	 -5.02640136157 	 2.90199417916 	 -4.10403952609 	 4.10403952609 	 -4.77994550923 	 2.70989036744 	 False 	 1 	 10 	22 	5 	23 	1 	16 	9 	11 	10 	17 	18 	4 	6 	14 	15 	24 	12 	21 	3 	2 	8 	19 	13 	7 	20 	0
CB 	 dot-jump 	 False 	 203 	 circle 	 1024 	 768 	 1.16079767166 	 44.445 	 66.667 	 20 	 5.60622225078 	 1.50218272469 	 -5.02640136157 	 -2.90199417916 	 5.90906649566 	 1.61840674722 	 False 	 18 	 10 	10 	16 	22 	1 	3 	11 	8 	18 	15 	23 	9 	7 	21 	4 	6 	14 	12 	17 	20 	2 	24 	5 	13 	19 	0
CB 	 dot-jump 	 False 	 204 	 circle 	 1024 	 768 	 1.16079767166 	 44.445 	 66.667 	 4 	 -4.10403952609 	 4.10403952609 	 -2.90199417916 	 5.02640136157 	 -4.02719818494 	 4.06483555116 	 False 	 0 	 10 	4 	19 	22 	16 	23 	7 	13 	10 	18 	14 	3 	5 	24 	2 	11 	12 	15 	9 	1 	17 	8 	20 	21 	6 	0
CB 	 dot-jump 	 False 	 205 	 circle 	 1024 	 768 	 1.16079767166 	 44.445 	 66.667 	 16 	 4.10403952609 	 -4.10403952609 	 5.02640136157 	 -2.90199417916 	 4.36593448087 	 -3.80137398766 	 False 	 23 	 10 	6 	2 	22 	13 	24 	8 	5 	10 	7 	3 	17 	11 	19 	18 	15 	12 	1 	9 	14 	21 	20 	4 	23 	16 	0
CB 	 dot-jump 	 False 	 206 	 circle 	 1024 	 768 	 1.16079767166 	 44.445 	 66.667 	 3 	 -2.90199417916 	 5.02640136157 	 1.50218272469 	 5.60622225078 	 -2.82280246608 	 5.15631917138 	 False 	 8 	 10 	4 	15 	19 	22 	20 	8 	17 	14 	3 	6 	24 	11 	9 	13 	10 	12 	16 	1 	21 	5 	7 	18 	2 	23 	0
CB 	 dot-jump 	 False 	 207 	 circle 	 1024 	 768 	 1.16079767166 	 44.445 	 66.667 	 3 	 -2.90199417916 	 5.02640136157 	 0.0 	 5.80398835832 	 -2.8604398323 	 5.11868180516 	 False 	 15 	 10 	23 	7 	16 	11 	24 	5 	15 	19 	8 	12 	1 	9 	20 	13 	21 	3 	14 	10 	4 	2 	6 	22 	18 	17 	0
CB 	 dot-jump 	 False 	 208 	 circle 	 1024 	 768 	 1.16079767166 	 44.445 	 66.667 	 3 	 -2.90199417916 	 5.02640136157 	 4.10403952609 	 4.10403952609 	 -2.89807719851 	 4.77994550923 	 False 	 16 	 10 	6 	20 	16 	19 	10 	11 	15 	14 	9 	18 	22 	12 	4 	2 	17 	24 	3 	5 	8 	23 	1 	21 	7 	13 	0
CB 	 dot-jump 	 False 	 209 	 circle 	 1024 	 768 	 1.16079767166 	 44.445 	 66.667 	 16 	 4.10403952609 	 -4.10403952609 	 4.10403952609 	 4.10403952609 	 3.98956081873 	 -4.4412092133 	 False 	 15 	 10 	4 	5 	3 	15 	6 	9 	18 	21 	10 	13 	22 	8 	20 	19 	12 	16 	7 	1 	14 	17 	23 	11 	24 	2 	0
CB 	 dot-jump 	 False 	 210 	 circle 	 1024 	 768 	 1.16079767166 	 44.445 	 66.667 	 4 	 -4.10403952609 	 4.10403952609 	 0.0 	 5.80398835832 	 -4.29065974844 	 4.36593448087 	 False 	 0 	 10 	4 	18 	12 	21 	15 	20 	24 	19 	6 	16 	1 	8 	10 	17 	2 	13 	22 	7 	14 	23 	11 	3 	9 	5 	0
CB 	 dot-jump 	 False 	 211 	 circle 	 1024 	 768 	 1.16079767166 	 44.445 	 66.667 	 9 	 -5.02640136157 	 -2.90199417916 	 1.50218272469 	 5.60622225078 	 -5.30686863623 	 -3.01098929715 	 False 	 18 	 10 	15 	20 	6 	17 	22 	8 	23 	12 	2 	14 	24 	3 	21 	19 	10 	4 	1 	7 	9 	13 	18 	11 	5 	16 	0
CB 	 dot-jump 	 False 	 212 	 circle 	 1024 	 768 	 1.16079767166 	 44.445 	 66.667 	 17 	 5.02640136157 	 -2.90199417916 	 -2.90199417916 	 -5.02640136157 	 4.66703341059 	 -2.82280246608 	 False 	 1 	 10 	15 	17 	3 	19 	14 	5 	22 	13 	2 	10 	11 	18 	12 	9 	16 	4 	8 	24 	7 	6 	20 	23 	21 	1 	0
CB 	 dot-jump 	 False 	 213 	 circle 	 1024 	 768 	 1.16079767166 	 44.445 	 66.667 	 4 	 -4.10403952609 	 4.10403952609 	 -5.60622225078 	 1.50218272469 	 -4.1777476498 	 4.10247291737 	 False 	 20 	 10 	23 	8 	20 	7 	22 	12 	10 	19 	21 	24 	6 	13 	1 	9 	14 	18 	2 	16 	5 	15 	4 	17 	11 	3 	0
CB 	 dot-jump 	 False 	 214 	 circle 	 1024 	 768 	 1.16079767166 	 44.445 	 66.667 	 4 	 -4.10403952609 	 4.10403952609 	 -4.10403952609 	 4.10403952609 	 -4.40357184709 	 4.21538501602 	 True 	 10 	 10 	10 	5 	12 	19 	17 	18 	24 	22 	16 	11 	4 	21 	23 	14 	2 	15 	8 	3 	6 	1 	20 	7 	9 	13 	0
CB 	 dot-jump 	 False 	 215 	 circle 	 1024 	 768 	 1.16079767166 	 44.445 	 66.667 	 9 	 -5.02640136157 	 -2.90199417916 	 -5.80398835832 	 0.0 	 -4.59175867816 	 -2.5969782688 	 False 	 4 	 10 	24 	14 	16 	15 	9 	18 	22 	1 	20 	5 	7 	12 	23 	21 	13 	19 	3 	6 	17 	2 	11 	4 	8 	10 	0
CB 	 dot-jump 	 False 	 216 	 circle 	 1024 	 768 	 1.16079767166 	 44.445 	 66.667 	 9 	 -5.02640136157 	 -2.90199417916 	 2.90199417916 	 5.02640136157 	 -5.34450600245 	 -3.16153876201 	 False 	 13 	 10 	6 	2 	21 	14 	16 	3 	8 	24 	20 	18 	23 	11 	10 	9 	17 	15 	12 	13 	1 	5 	22 	4 	19 	7 	0
CB 	 dot-jump 	 False 	 217 	 circle 	 1024 	 768 	 1.16079767166 	 44.445 	 66.667 	 9 	 -5.02640136157 	 -2.90199417916 	 -5.02640136157 	 -2.90199417916 	 -5.08104443895 	 -2.78516509987 	 True 	 10 	 10 	14 	10 	7 	1 	11 	4 	2 	8 	23 	13 	9 	3 	17 	12 	20 	24 	15 	19 	18 	6 	22 	16 	21 	5 	0
CB 	 dot-jump 	 False 	 218 	 circle 	 1024 	 768 	 1.16079767166 	 44.445 	 66.667 	 10 	 -4.10403952609 	 -4.10403952609 	 4.10403952609 	 4.10403952609 	 -4.06483555116 	 -3.87664872009 	 False 	 9 	 10 	23 	15 	6 	19 	1 	24 	3 	20 	12 	10 	22 	17 	4 	14 	21 	13 	11 	5 	2 	7 	8 	9 	16 	18 	0
CB 	 dot-jump 	 False 	 219 	 circle 	 1024 	 768 	 1.16079767166 	 44.445 	 66.667 	 15 	 2.90199417916 	 -5.02640136157 	 4.10403952609 	 -4.10403952609 	 2.78516509987 	 -5.19395653759 	 False 	 12 	 10 	14 	9 	8 	20 	6 	3 	7 	1 	18 	22 	16 	12 	15 	23 	5 	13 	17 	2 	10 	11 	24 	21 	19 	4 	0
