subject 	task 	staircase 	trialNum 	stimulus 	monitorWidth 	monitorHeight 	stimHeight  	ISI 	SOA 	responseSpatialPos 	responseX 	responseY 	correctX 	correctY 	clickX 	clickY 	accuracy 	responsePosInStream 	correctPosInStream 	position0 	position1 	position2 	position3 	position4 	position5 	position6 	position7 	position8 	position9 	position10 	position11 	position12 	position13 	position14 	position15 	position16 	position17 	position18 	position19 	position20 	position21 	position22 	position23 	longFrames
KR 	 dot-jump 	 False 	 0 	 circle 	 1024 	 768 	 1.16079767166 	 44.445 	 66.667 	 11 	 -2.90199417916 	 -5.02640136157 	 -5.80398835832 	 0.0 	 -2.89807719851 	 -5.15631917138 	 False 	 22 	 10 	17 	19 	20 	21 	23 	8 	4 	24 	15 	12 	7 	3 	10 	18 	5 	2 	16 	6 	1 	14 	22 	13 	11 	9 	0
KR 	 dot-jump 	 False 	 1 	 circle 	 1024 	 768 	 1.16079767166 	 44.445 	 66.667 	 24 	 1.50218272469 	 5.60622225078 	 5.60622225078 	 -1.50218272469 	 1.54313201479 	 5.08104443895 	 False 	 17 	 10 	9 	23 	21 	6 	8 	22 	14 	10 	1 	4 	18 	3 	12 	2 	20 	16 	7 	24 	17 	15 	19 	5 	11 	13 	0
KR 	 dot-jump 	 False 	 2 	 circle 	 1024 	 768 	 1.16079767166 	 44.445 	 66.667 	 9 	 -5.02640136157 	 -2.90199417916 	 -2.90199417916 	 -5.02640136157 	 -4.9681323403 	 -2.78516509987 	 False 	 21 	 10 	10 	6 	3 	13 	16 	2 	14 	24 	20 	7 	11 	8 	12 	4 	1 	19 	5 	23 	21 	15 	18 	9 	22 	17 	0
KR 	 dot-jump 	 False 	 3 	 circle 	 1024 	 768 	 1.16079767166 	 44.445 	 66.667 	 24 	 1.50218272469 	 5.60622225078 	 5.02640136157 	 2.90199417916 	 1.43021991615 	 5.34450600245 	 False 	 9 	 10 	13 	16 	12 	2 	17 	7 	3 	14 	15 	24 	21 	5 	20 	1 	6 	19 	8 	11 	9 	23 	18 	22 	10 	4 	0
KR 	 dot-jump 	 False 	 4 	 circle 	 1024 	 768 	 1.16079767166 	 44.445 	 66.667 	 21 	 5.02640136157 	 2.90199417916 	 2.90199417916 	 5.02640136157 	 4.85522024166 	 2.70989036744 	 False 	 8 	 10 	1 	10 	12 	4 	7 	22 	8 	14 	21 	16 	23 	13 	19 	11 	9 	3 	6 	20 	18 	2 	5 	24 	17 	15 	0
KR 	 dot-jump 	 False 	 5 	 circle 	 1024 	 768 	 1.16079767166 	 44.445 	 66.667 	 15 	 2.90199417916 	 -5.02640136157 	 0.0 	 -5.80398835832 	 2.44642880394 	 -5.41978073488 	 False 	 13 	 10 	11 	10 	7 	1 	8 	9 	17 	5 	18 	14 	13 	16 	23 	15 	12 	19 	21 	4 	6 	3 	2 	24 	22 	20 	0
KR 	 dot-jump 	 False 	 6 	 circle 	 1024 	 768 	 1.16079767166 	 44.445 	 66.667 	 24 	 1.50218272469 	 5.60622225078 	 -2.90199417916 	 -5.02640136157 	 1.76895621208 	 5.19395653759 	 False 	 12 	 10 	21 	14 	19 	9 	2 	22 	3 	6 	18 	4 	11 	17 	24 	12 	16 	8 	10 	15 	1 	13 	23 	20 	7 	5 	0
KR 	 dot-jump 	 False 	 7 	 circle 	 1024 	 768 	 1.16079767166 	 44.445 	 66.667 	 22 	 4.10403952609 	 4.10403952609 	 5.60622225078 	 1.50218272469 	 4.36593448087 	 3.9142860863 	 False 	 16 	 10 	15 	14 	3 	1 	8 	16 	2 	7 	9 	12 	20 	11 	23 	13 	18 	4 	22 	6 	19 	21 	5 	24 	10 	17 	0
KR 	 dot-jump 	 False 	 8 	 circle 	 1024 	 768 	 1.16079767166 	 44.445 	 66.667 	 3 	 -2.90199417916 	 5.02640136157 	 -4.10403952609 	 4.10403952609 	 -2.74752773365 	 4.47884657952 	 False 	 16 	 10 	11 	7 	6 	21 	20 	9 	22 	16 	2 	17 	4 	15 	19 	14 	23 	5 	3 	13 	18 	12 	1 	10 	24 	8 	0
KR 	 dot-jump 	 False 	 9 	 circle 	 1024 	 768 	 1.16079767166 	 44.445 	 66.667 	 24 	 1.50218272469 	 5.60622225078 	 4.10403952609 	 -4.10403952609 	 1.58076938101 	 5.30686863623 	 False 	 1 	 10 	22 	24 	15 	18 	6 	3 	7 	4 	1 	9 	16 	11 	17 	10 	12 	14 	23 	5 	19 	2 	20 	13 	21 	8 	0
KR 	 dot-jump 	 False 	 10 	 circle 	 1024 	 768 	 1.16079767166 	 44.445 	 66.667 	 23 	 2.90199417916 	 5.02640136157 	 0.0 	 5.80398835832 	 3.04862666337 	 4.7046707768 	 False 	 14 	 10 	20 	7 	4 	10 	9 	21 	15 	18 	22 	13 	1 	12 	11 	5 	23 	6 	16 	19 	24 	14 	2 	17 	3 	8 	0
KR 	 dot-jump 	 False 	 11 	 circle 	 1024 	 768 	 1.16079767166 	 44.445 	 66.667 	 1 	 0.0 	 5.80398835832 	 5.60622225078 	 -1.50218272469 	 -0.0376373662144 	 5.26923127002 	 False 	 11 	 10 	23 	13 	21 	14 	8 	11 	17 	7 	2 	20 	18 	1 	5 	19 	22 	12 	15 	16 	24 	9 	6 	4 	3 	10 	0
KR 	 dot-jump 	 False 	 12 	 circle 	 1024 	 768 	 1.16079767166 	 44.445 	 66.667 	 23 	 2.90199417916 	 5.02640136157 	 4.10403952609 	 -4.10403952609 	 2.89807719851 	 4.77994550923 	 False 	 14 	 10 	18 	15 	21 	2 	1 	14 	9 	7 	11 	4 	16 	24 	5 	12 	23 	6 	8 	20 	10 	13 	3 	17 	19 	22 	0
KR 	 dot-jump 	 False 	 13 	 circle 	 1024 	 768 	 1.16079767166 	 44.445 	 66.667 	 2 	 -1.50218272469 	 5.60622225078 	 2.90199417916 	 5.02640136157 	 -1.61840674722 	 5.41978073488 	 False 	 13 	 10 	11 	14 	21 	6 	9 	1 	24 	18 	22 	13 	23 	3 	20 	2 	12 	19 	4 	5 	7 	17 	15 	10 	8 	16 	0
KR 	 dot-jump 	 False 	 14 	 circle 	 1024 	 768 	 1.16079767166 	 44.445 	 66.667 	 3 	 -2.90199417916 	 5.02640136157 	 4.10403952609 	 -4.10403952609 	 -2.93571456472 	 4.93049497409 	 False 	 3 	 10 	13 	6 	12 	3 	23 	7 	19 	8 	9 	4 	16 	21 	22 	10 	1 	11 	15 	17 	24 	18 	14 	2 	5 	20 	0
KR 	 dot-jump 	 False 	 15 	 circle 	 1024 	 768 	 1.16079767166 	 44.445 	 66.667 	 23 	 2.90199417916 	 5.02640136157 	 0.0 	 5.80398835832 	 2.78516509987 	 4.66703341059 	 False 	 12 	 10 	10 	21 	15 	13 	2 	20 	18 	3 	22 	5 	1 	16 	23 	9 	7 	6 	8 	11 	24 	4 	19 	17 	14 	12 	0
KR 	 dot-jump 	 False 	 16 	 circle 	 1024 	 768 	 1.16079767166 	 44.445 	 66.667 	 1 	 0.0 	 5.80398835832 	 0.0 	 5.80398835832 	 0.0376373662144 	 5.30686863623 	 True 	 10 	 10 	8 	7 	23 	17 	10 	2 	13 	11 	19 	21 	1 	4 	6 	5 	16 	14 	20 	18 	3 	12 	24 	22 	9 	15 	0
KR 	 dot-jump 	 False 	 17 	 circle 	 1024 	 768 	 1.16079767166 	 44.445 	 66.667 	 4 	 -4.10403952609 	 4.10403952609 	 1.50218272469 	 -5.60622225078 	 -4.25302238223 	 3.87664872009 	 False 	 9 	 10 	10 	19 	3 	20 	13 	5 	18 	8 	7 	4 	14 	16 	15 	6 	2 	22 	11 	9 	23 	12 	1 	17 	21 	24 	0
KR 	 dot-jump 	 False 	 18 	 circle 	 1024 	 768 	 1.16079767166 	 44.445 	 66.667 	 2 	 -1.50218272469 	 5.60622225078 	 5.60622225078 	 -1.50218272469 	 -1.20439571886 	 5.38214336866 	 False 	 11 	 10 	20 	1 	15 	8 	7 	24 	19 	13 	9 	4 	18 	2 	16 	21 	6 	5 	10 	17 	11 	3 	14 	12 	22 	23 	0
KR 	 dot-jump 	 False 	 19 	 circle 	 1024 	 768 	 1.16079767166 	 44.445 	 66.667 	 21 	 5.02640136157 	 2.90199417916 	 1.50218272469 	 -5.60622225078 	 5.19395653759 	 2.67225300122 	 False 	 9 	 10 	6 	23 	8 	2 	15 	1 	24 	7 	13 	21 	14 	17 	19 	16 	4 	5 	18 	22 	10 	9 	3 	11 	12 	20 	0
KR 	 dot-jump 	 False 	 20 	 circle 	 1024 	 768 	 1.16079767166 	 44.445 	 66.667 	 23 	 2.90199417916 	 5.02640136157 	 -2.90199417916 	 -5.02640136157 	 3.04862666337 	 4.66703341059 	 False 	 22 	 10 	12 	3 	6 	1 	15 	24 	13 	7 	5 	20 	11 	14 	2 	17 	21 	8 	18 	16 	4 	9 	22 	19 	23 	10 	0
KR 	 dot-jump 	 False 	 21 	 circle 	 1024 	 768 	 1.16079767166 	 44.445 	 66.667 	 4 	 -4.10403952609 	 4.10403952609 	 -4.10403952609 	 4.10403952609 	 -4.29065974844 	 3.83901135387 	 True 	 10 	 10 	16 	11 	2 	20 	5 	24 	3 	10 	12 	17 	4 	13 	9 	23 	19 	6 	22 	18 	7 	21 	1 	14 	15 	8 	0
KR 	 dot-jump 	 False 	 22 	 circle 	 1024 	 768 	 1.16079767166 	 44.445 	 66.667 	 5 	 -5.02640136157 	 2.90199417916 	 -5.02640136157 	 2.90199417916 	 -4.85522024166 	 2.70989036744 	 True 	 10 	 10 	12 	11 	10 	23 	1 	6 	14 	16 	3 	2 	5 	21 	17 	20 	7 	15 	18 	13 	24 	4 	8 	19 	22 	9 	0
KR 	 dot-jump 	 False 	 23 	 circle 	 1024 	 768 	 1.16079767166 	 44.445 	 66.667 	 21 	 5.02640136157 	 2.90199417916 	 0.0 	 -5.80398835832 	 4.85522024166 	 3.01098929715 	 False 	 11 	 10 	11 	10 	22 	16 	17 	20 	9 	15 	1 	5 	13 	21 	6 	24 	8 	7 	12 	19 	14 	3 	18 	4 	23 	2 	0
KR 	 dot-jump 	 False 	 24 	 circle 	 1024 	 768 	 1.16079767166 	 44.445 	 66.667 	 2 	 -1.50218272469 	 5.60622225078 	 5.02640136157 	 -2.90199417916 	 -1.65604411343 	 5.38214336866 	 False 	 11 	 10 	16 	21 	12 	6 	7 	4 	14 	20 	22 	1 	17 	2 	11 	13 	10 	24 	19 	3 	5 	9 	15 	23 	8 	18 	0
KR 	 dot-jump 	 False 	 25 	 circle 	 1024 	 768 	 1.16079767166 	 44.445 	 66.667 	 5 	 -5.02640136157 	 2.90199417916 	 -5.60622225078 	 -1.50218272469 	 -4.89285760787 	 2.74752773365 	 False 	 7 	 10 	23 	24 	7 	17 	3 	15 	10 	5 	1 	4 	8 	12 	14 	18 	11 	20 	22 	13 	21 	16 	9 	2 	6 	19 	0
KR 	 dot-jump 	 False 	 26 	 circle 	 1024 	 768 	 1.16079767166 	 44.445 	 66.667 	 20 	 5.60622225078 	 1.50218272469 	 1.50218272469 	 -5.60622225078 	 5.30686863623 	 1.43021991615 	 False 	 21 	 10 	18 	3 	8 	16 	9 	6 	10 	19 	7 	21 	14 	15 	24 	4 	2 	17 	23 	1 	13 	11 	5 	20 	12 	22 	0
KR 	 dot-jump 	 False 	 27 	 circle 	 1024 	 768 	 1.16079767166 	 44.445 	 66.667 	 3 	 -2.90199417916 	 5.02640136157 	 5.60622225078 	 1.50218272469 	 -2.55934090258 	 4.89285760787 	 False 	 7 	 10 	9 	10 	17 	7 	6 	14 	24 	3 	1 	5 	20 	2 	22 	13 	12 	4 	18 	19 	11 	21 	8 	15 	16 	23 	0
KR 	 dot-jump 	 False 	 28 	 circle 	 1024 	 768 	 1.16079767166 	 44.445 	 66.667 	 22 	 4.10403952609 	 4.10403952609 	 5.02640136157 	 -2.90199417916 	 3.80137398766 	 4.1777476498 	 False 	 16 	 10 	1 	23 	20 	3 	21 	6 	13 	15 	19 	24 	17 	16 	12 	9 	4 	18 	22 	7 	11 	8 	5 	14 	2 	10 	0
KR 	 dot-jump 	 False 	 29 	 circle 	 1024 	 768 	 1.16079767166 	 44.445 	 66.667 	 2 	 -1.50218272469 	 5.60622225078 	 -1.50218272469 	 5.60622225078 	 -1.27967045129 	 5.00576970652 	 True 	 10 	 10 	9 	14 	20 	13 	12 	4 	19 	6 	1 	22 	2 	16 	24 	5 	23 	11 	8 	15 	3 	18 	17 	10 	7 	21 	0
KR 	 dot-jump 	 False 	 30 	 circle 	 1024 	 768 	 1.16079767166 	 44.445 	 66.667 	 11 	 -2.90199417916 	 -5.02640136157 	 0.0 	 -5.80398835832 	 -2.8604398323 	 -4.93049497409 	 False 	 7 	 10 	24 	18 	15 	16 	3 	20 	6 	11 	7 	17 	13 	23 	10 	19 	14 	2 	9 	4 	12 	5 	22 	1 	8 	21 	0
KR 	 dot-jump 	 False 	 31 	 circle 	 1024 	 768 	 1.16079767166 	 44.445 	 66.667 	 24 	 1.50218272469 	 5.60622225078 	 5.02640136157 	 -2.90199417916 	 1.20439571886 	 5.72087966459 	 False 	 3 	 10 	10 	11 	13 	24 	20 	16 	1 	9 	8 	15 	17 	12 	14 	22 	21 	23 	7 	2 	6 	19 	4 	3 	18 	5 	0
KR 	 dot-jump 	 False 	 32 	 circle 	 1024 	 768 	 1.16079767166 	 44.445 	 66.667 	 3 	 -2.90199417916 	 5.02640136157 	 2.90199417916 	 5.02640136157 	 -3.1239013958 	 4.81758287545 	 False 	 17 	 10 	7 	1 	20 	24 	12 	14 	8 	17 	21 	2 	23 	4 	16 	6 	15 	13 	19 	3 	9 	10 	11 	18 	5 	22 	0
KR 	 dot-jump 	 False 	 33 	 circle 	 1024 	 768 	 1.16079767166 	 44.445 	 66.667 	 23 	 2.90199417916 	 5.02640136157 	 1.50218272469 	 5.60622225078 	 2.67225300122 	 4.89285760787 	 False 	 3 	 10 	21 	15 	16 	23 	13 	17 	9 	1 	14 	18 	24 	7 	5 	12 	11 	6 	8 	22 	19 	4 	10 	2 	20 	3 	0
KR 	 dot-jump 	 False 	 34 	 circle 	 1024 	 768 	 1.16079767166 	 44.445 	 66.667 	 3 	 -2.90199417916 	 5.02640136157 	 4.10403952609 	 4.10403952609 	 -3.19917612823 	 4.85522024166 	 False 	 12 	 10 	15 	6 	13 	16 	20 	11 	8 	7 	17 	5 	22 	2 	3 	23 	19 	18 	14 	9 	4 	10 	24 	12 	21 	1 	0
KR 	 dot-jump 	 False 	 35 	 circle 	 1024 	 768 	 1.16079767166 	 44.445 	 66.667 	 1 	 0.0 	 5.80398835832 	 0.0 	 5.80398835832 	 -0.150549464858 	 5.41978073488 	 True 	 10 	 10 	16 	5 	24 	7 	6 	18 	10 	11 	4 	12 	1 	13 	8 	20 	14 	3 	2 	23 	9 	19 	17 	15 	22 	21 	0
KR 	 dot-jump 	 False 	 36 	 circle 	 1024 	 768 	 1.16079767166 	 44.445 	 66.667 	 2 	 -1.50218272469 	 5.60622225078 	 -2.90199417916 	 -5.02640136157 	 -1.053846254 	 5.2315939038 	 False 	 3 	 10 	20 	10 	7 	2 	9 	19 	3 	18 	14 	17 	11 	1 	21 	16 	8 	12 	23 	22 	6 	24 	13 	4 	5 	15 	0
KR 	 dot-jump 	 False 	 37 	 circle 	 1024 	 768 	 1.16079767166 	 44.445 	 66.667 	 5 	 -5.02640136157 	 2.90199417916 	 4.10403952609 	 -4.10403952609 	 -5.15631917138 	 2.70989036744 	 False 	 11 	 10 	6 	14 	7 	2 	12 	24 	22 	10 	4 	8 	16 	5 	23 	19 	17 	13 	1 	3 	21 	11 	15 	9 	18 	20 	0
KR 	 dot-jump 	 False 	 38 	 circle 	 1024 	 768 	 1.16079767166 	 44.445 	 66.667 	 3 	 -2.90199417916 	 5.02640136157 	 -4.10403952609 	 4.10403952609 	 -2.67225300122 	 5.19395653759 	 False 	 12 	 10 	13 	24 	6 	20 	21 	16 	14 	11 	19 	23 	4 	7 	3 	2 	18 	22 	10 	17 	5 	1 	12 	8 	9 	15 	0
KR 	 dot-jump 	 False 	 39 	 circle 	 1024 	 768 	 1.16079767166 	 44.445 	 66.667 	 22 	 4.10403952609 	 4.10403952609 	 1.50218272469 	 5.60622225078 	 4.1777476498 	 4.1777476498 	 False 	 2 	 10 	23 	14 	22 	20 	9 	7 	3 	2 	4 	1 	24 	6 	12 	16 	13 	19 	8 	18 	17 	10 	5 	21 	15 	11 	0
KR 	 dot-jump 	 False 	 40 	 circle 	 1024 	 768 	 1.16079767166 	 44.445 	 66.667 	 6 	 -5.60622225078 	 1.50218272469 	 -5.80398835832 	 0.0 	 -5.49505546731 	 1.46785728236 	 False 	 15 	 10 	1 	21 	17 	10 	13 	18 	19 	11 	4 	16 	7 	5 	22 	8 	3 	6 	2 	24 	15 	12 	14 	20 	23 	9 	0
KR 	 dot-jump 	 False 	 41 	 circle 	 1024 	 768 	 1.16079767166 	 44.445 	 66.667 	 4 	 -4.10403952609 	 4.10403952609 	 -4.10403952609 	 4.10403952609 	 -3.9142860863 	 3.68846188901 	 True 	 10 	 10 	16 	23 	5 	9 	18 	20 	3 	8 	21 	11 	4 	2 	10 	6 	22 	7 	1 	24 	17 	12 	15 	19 	13 	14 	0
KR 	 dot-jump 	 False 	 42 	 circle 	 1024 	 768 	 1.16079767166 	 44.445 	 66.667 	 23 	 2.90199417916 	 5.02640136157 	 2.90199417916 	 5.02640136157 	 2.48406617015 	 5.08104443895 	 True 	 10 	 10 	1 	21 	17 	13 	4 	5 	14 	20 	16 	10 	23 	12 	2 	3 	6 	18 	7 	19 	24 	9 	11 	15 	8 	22 	0
KR 	 dot-jump 	 False 	 43 	 circle 	 1024 	 768 	 1.16079767166 	 44.445 	 66.667 	 10 	 -4.10403952609 	 -4.10403952609 	 -5.60622225078 	 -1.50218272469 	 -3.72609925523 	 -3.9142860863 	 False 	 22 	 10 	23 	15 	1 	2 	18 	14 	24 	17 	22 	12 	8 	6 	9 	7 	16 	4 	3 	20 	19 	21 	11 	13 	10 	5 	0
KR 	 dot-jump 	 False 	 44 	 circle 	 1024 	 768 	 1.16079767166 	 44.445 	 66.667 	 24 	 1.50218272469 	 5.60622225078 	 1.50218272469 	 5.60622225078 	 1.88186831072 	 5.53269283352 	 True 	 10 	 10 	4 	13 	11 	1 	3 	15 	21 	10 	2 	20 	24 	8 	14 	7 	5 	16 	6 	17 	23 	9 	12 	19 	22 	18 	0
KR 	 dot-jump 	 False 	 45 	 circle 	 1024 	 768 	 1.16079767166 	 44.445 	 66.667 	 12 	 -1.50218272469 	 -5.60622225078 	 0.0 	 -5.80398835832 	 -1.35494518372 	 -5.34450600245 	 False 	 3 	 10 	24 	3 	19 	12 	6 	4 	10 	18 	9 	11 	13 	5 	20 	21 	2 	7 	1 	15 	17 	8 	22 	16 	14 	23 	0
KR 	 dot-jump 	 False 	 46 	 circle 	 1024 	 768 	 1.16079767166 	 44.445 	 66.667 	 10 	 -4.10403952609 	 -4.10403952609 	 -4.10403952609 	 4.10403952609 	 -4.29065974844 	 -3.9142860863 	 False 	 17 	 10 	23 	24 	21 	14 	12 	6 	8 	3 	17 	11 	4 	18 	1 	9 	15 	5 	22 	10 	19 	16 	7 	13 	2 	20 	0
KR 	 dot-jump 	 False 	 47 	 circle 	 1024 	 768 	 1.16079767166 	 44.445 	 66.667 	 22 	 4.10403952609 	 4.10403952609 	 2.90199417916 	 5.02640136157 	 4.02719818494 	 3.98956081873 	 False 	 18 	 10 	3 	19 	9 	12 	24 	16 	7 	4 	8 	10 	23 	21 	13 	18 	15 	5 	11 	6 	22 	1 	14 	2 	20 	17 	0
KR 	 dot-jump 	 False 	 48 	 circle 	 1024 	 768 	 1.16079767166 	 44.445 	 66.667 	 21 	 5.02640136157 	 2.90199417916 	 5.80398835832 	 0.0 	 4.9681323403 	 3.1239013958 	 False 	 14 	 10 	16 	10 	22 	5 	17 	24 	13 	15 	6 	9 	19 	20 	18 	7 	21 	3 	8 	1 	4 	11 	23 	2 	12 	14 	0
KR 	 dot-jump 	 False 	 49 	 circle 	 1024 	 768 	 1.16079767166 	 44.445 	 66.667 	 23 	 2.90199417916 	 5.02640136157 	 2.90199417916 	 5.02640136157 	 3.19917612823 	 4.77994550923 	 True 	 10 	 10 	6 	22 	8 	18 	24 	19 	4 	15 	10 	11 	23 	17 	5 	13 	7 	16 	12 	9 	20 	1 	14 	2 	21 	3 	0
KR 	 dot-jump 	 False 	 50 	 circle 	 1024 	 768 	 1.16079767166 	 44.445 	 66.667 	 23 	 2.90199417916 	 5.02640136157 	 2.90199417916 	 5.02640136157 	 3.04862666337 	 4.74230814302 	 True 	 10 	 10 	11 	21 	24 	19 	7 	5 	1 	15 	18 	22 	23 	8 	17 	9 	12 	10 	16 	13 	14 	2 	3 	20 	4 	6 	0
KR 	 dot-jump 	 False 	 51 	 circle 	 1024 	 768 	 1.16079767166 	 44.445 	 66.667 	 3 	 -2.90199417916 	 5.02640136157 	 0.0 	 5.80398835832 	 -2.55934090258 	 4.85522024166 	 False 	 11 	 10 	23 	9 	11 	17 	4 	12 	20 	2 	21 	18 	1 	3 	13 	7 	16 	10 	5 	6 	22 	19 	14 	15 	8 	24 	0
KR 	 dot-jump 	 False 	 52 	 circle 	 1024 	 768 	 1.16079767166 	 44.445 	 66.667 	 5 	 -5.02640136157 	 2.90199417916 	 -4.10403952609 	 4.10403952609 	 -4.66703341059 	 2.89807719851 	 False 	 8 	 10 	20 	19 	14 	12 	2 	15 	7 	17 	5 	13 	4 	16 	9 	8 	22 	18 	11 	23 	1 	3 	24 	6 	21 	10 	0
KR 	 dot-jump 	 False 	 53 	 circle 	 1024 	 768 	 1.16079767166 	 44.445 	 66.667 	 22 	 4.10403952609 	 4.10403952609 	 4.10403952609 	 4.10403952609 	 4.29065974844 	 4.06483555116 	 True 	 10 	 10 	10 	18 	3 	21 	12 	13 	6 	14 	17 	23 	22 	4 	5 	16 	11 	19 	1 	8 	2 	9 	20 	24 	15 	7 	0
KR 	 dot-jump 	 False 	 54 	 circle 	 1024 	 768 	 1.16079767166 	 44.445 	 66.667 	 6 	 -5.60622225078 	 1.50218272469 	 0.0 	 5.80398835832 	 -5.41978073488 	 1.46785728236 	 False 	 15 	 10 	22 	8 	7 	11 	3 	14 	12 	2 	5 	13 	1 	19 	21 	24 	16 	6 	20 	17 	4 	15 	10 	18 	23 	9 	0
KR 	 dot-jump 	 False 	 55 	 circle 	 1024 	 768 	 1.16079767166 	 44.445 	 66.667 	 2 	 -1.50218272469 	 5.60622225078 	 4.10403952609 	 4.10403952609 	 -1.76895621208 	 5.53269283352 	 False 	 17 	 10 	17 	11 	24 	23 	13 	5 	12 	18 	16 	6 	22 	1 	14 	19 	20 	7 	15 	2 	9 	10 	8 	3 	21 	4 	0
KR 	 dot-jump 	 False 	 56 	 circle 	 1024 	 768 	 1.16079767166 	 44.445 	 66.667 	 11 	 -2.90199417916 	 -5.02640136157 	 -4.10403952609 	 -4.10403952609 	 -3.27445086065 	 -4.74230814302 	 False 	 21 	 10 	1 	20 	24 	12 	8 	22 	23 	9 	2 	15 	10 	16 	19 	21 	7 	18 	4 	17 	13 	5 	3 	11 	6 	14 	0
KR 	 dot-jump 	 False 	 57 	 circle 	 1024 	 768 	 1.16079767166 	 44.445 	 66.667 	 24 	 1.50218272469 	 5.60622225078 	 -5.02640136157 	 2.90199417916 	 1.73131884586 	 5.41978073488 	 False 	 14 	 10 	10 	18 	16 	7 	19 	14 	20 	4 	1 	12 	5 	21 	22 	6 	24 	3 	13 	23 	8 	11 	15 	2 	9 	17 	0
KR 	 dot-jump 	 False 	 58 	 circle 	 1024 	 768 	 1.16079767166 	 44.445 	 66.667 	 13 	 0.0 	 -5.80398835832 	 -5.60622225078 	 -1.50218272469 	 0.0752747324288 	 -5.68324229838 	 False 	 6 	 10 	1 	2 	6 	17 	9 	21 	13 	14 	22 	11 	8 	24 	7 	3 	15 	19 	4 	23 	5 	20 	10 	12 	18 	16 	0
KR 	 dot-jump 	 False 	 59 	 circle 	 1024 	 768 	 1.16079767166 	 44.445 	 66.667 	 13 	 0.0 	 -5.80398835832 	 2.90199417916 	 -5.02640136157 	 -0.0752747324288 	 -5.79615439702 	 False 	 20 	 10 	24 	9 	14 	8 	21 	6 	18 	22 	16 	5 	15 	1 	23 	7 	10 	17 	12 	3 	2 	20 	13 	19 	11 	4 	0
KR 	 dot-jump 	 False 	 60 	 circle 	 1024 	 768 	 1.16079767166 	 44.445 	 66.667 	 10 	 -4.10403952609 	 -4.10403952609 	 -5.80398835832 	 0.0 	 -3.83901135387 	 -4.10247291737 	 False 	 12 	 10 	9 	22 	11 	13 	14 	24 	19 	2 	17 	12 	7 	15 	10 	6 	21 	3 	4 	23 	1 	18 	5 	8 	16 	20 	0
KR 	 dot-jump 	 False 	 61 	 circle 	 1024 	 768 	 1.16079767166 	 44.445 	 66.667 	 22 	 4.10403952609 	 4.10403952609 	 -5.02640136157 	 2.90199417916 	 3.83901135387 	 3.95192345251 	 False 	 16 	 10 	14 	6 	24 	23 	11 	9 	17 	3 	13 	7 	5 	21 	10 	12 	4 	16 	22 	8 	2 	15 	18 	1 	20 	19 	0
KR 	 dot-jump 	 False 	 62 	 circle 	 1024 	 768 	 1.16079767166 	 44.445 	 66.667 	 22 	 4.10403952609 	 4.10403952609 	 4.10403952609 	 4.10403952609 	 4.21538501602 	 4.06483555116 	 True 	 10 	 10 	6 	18 	8 	14 	15 	3 	7 	11 	2 	5 	22 	12 	20 	4 	10 	16 	1 	24 	13 	19 	9 	17 	21 	23 	0
KR 	 dot-jump 	 False 	 63 	 circle 	 1024 	 768 	 1.16079767166 	 44.445 	 66.667 	 21 	 5.02640136157 	 2.90199417916 	 5.80398835832 	 0.0 	 4.7046707768 	 2.5969782688 	 False 	 23 	 10 	12 	11 	18 	1 	8 	16 	24 	22 	17 	23 	19 	7 	9 	10 	13 	20 	4 	3 	14 	2 	5 	15 	6 	21 	0
KR 	 dot-jump 	 False 	 64 	 circle 	 1024 	 768 	 1.16079767166 	 44.445 	 66.667 	 15 	 2.90199417916 	 -5.02640136157 	 -4.10403952609 	 4.10403952609 	 2.70989036744 	 -5.04340707273 	 False 	 11 	 10 	18 	22 	7 	13 	20 	17 	14 	8 	10 	21 	4 	15 	24 	9 	19 	11 	6 	5 	1 	16 	23 	3 	2 	12 	0
KR 	 dot-jump 	 False 	 65 	 circle 	 1024 	 768 	 1.16079767166 	 44.445 	 66.667 	 10 	 -4.10403952609 	 -4.10403952609 	 4.10403952609 	 -4.10403952609 	 -3.80137398766 	 -4.21538501602 	 False 	 13 	 10 	12 	14 	17 	2 	19 	13 	23 	21 	4 	7 	16 	11 	6 	10 	15 	22 	20 	3 	8 	5 	24 	9 	1 	18 	0
KR 	 dot-jump 	 False 	 66 	 circle 	 1024 	 768 	 1.16079767166 	 44.445 	 66.667 	 14 	 1.50218272469 	 -5.60622225078 	 -5.60622225078 	 1.50218272469 	 1.54313201479 	 -5.49505546731 	 False 	 6 	 10 	17 	11 	10 	7 	23 	5 	14 	8 	22 	16 	6 	20 	21 	24 	3 	15 	12 	4 	1 	18 	2 	13 	19 	9 	0
KR 	 dot-jump 	 False 	 67 	 circle 	 1024 	 768 	 1.16079767166 	 44.445 	 66.667 	 18 	 5.60622225078 	 -1.50218272469 	 2.90199417916 	 5.02640136157 	 5.60796756595 	 -1.58076938101 	 False 	 23 	 10 	6 	13 	3 	17 	24 	21 	20 	9 	14 	19 	23 	11 	22 	5 	16 	7 	8 	4 	10 	2 	15 	1 	12 	18 	0
KR 	 dot-jump 	 False 	 68 	 circle 	 1024 	 768 	 1.16079767166 	 44.445 	 66.667 	 15 	 2.90199417916 	 -5.02640136157 	 1.50218272469 	 -5.60622225078 	 2.8604398323 	 -5.26923127002 	 False 	 15 	 10 	3 	24 	8 	12 	18 	23 	2 	20 	4 	17 	14 	16 	6 	13 	10 	15 	9 	5 	19 	7 	1 	22 	21 	11 	0
KR 	 dot-jump 	 False 	 69 	 circle 	 1024 	 768 	 1.16079767166 	 44.445 	 66.667 	 15 	 2.90199417916 	 -5.02640136157 	 0.0 	 -5.80398835832 	 2.52170353637 	 -4.85522024166 	 False 	 15 	 10 	14 	4 	17 	9 	2 	16 	18 	8 	21 	22 	13 	19 	20 	5 	6 	15 	1 	7 	12 	24 	11 	23 	10 	3 	0
KR 	 dot-jump 	 False 	 70 	 circle 	 1024 	 768 	 1.16079767166 	 44.445 	 66.667 	 24 	 1.50218272469 	 5.60622225078 	 5.60622225078 	 -1.50218272469 	 1.20439571886 	 5.49505546731 	 False 	 12 	 10 	7 	3 	22 	14 	5 	10 	2 	20 	21 	1 	18 	17 	24 	16 	4 	6 	12 	8 	15 	9 	11 	13 	19 	23 	0
KR 	 dot-jump 	 False 	 71 	 circle 	 1024 	 768 	 1.16079767166 	 44.445 	 66.667 	 13 	 0.0 	 -5.80398835832 	 -4.10403952609 	 -4.10403952609 	 -0.112912098643 	 -5.98434122809 	 False 	 13 	 10 	17 	14 	19 	23 	3 	24 	5 	11 	7 	12 	10 	9 	22 	13 	4 	16 	20 	6 	21 	8 	15 	2 	18 	1 	0
KR 	 dot-jump 	 False 	 72 	 circle 	 1024 	 768 	 1.16079767166 	 44.445 	 66.667 	 12 	 -1.50218272469 	 -5.60622225078 	 0.0 	 -5.80398835832 	 -1.39258254993 	 -5.38214336866 	 False 	 9 	 10 	5 	8 	3 	11 	20 	14 	23 	15 	10 	12 	13 	24 	22 	9 	6 	7 	16 	4 	18 	21 	2 	19 	17 	1 	0
KR 	 dot-jump 	 False 	 73 	 circle 	 1024 	 768 	 1.16079767166 	 44.445 	 66.667 	 1 	 0.0 	 5.80398835832 	 0.0 	 5.80398835832 	 0.0376373662144 	 5.41978073488 	 True 	 10 	 10 	6 	15 	22 	23 	20 	3 	11 	9 	24 	7 	1 	19 	5 	18 	2 	13 	8 	10 	4 	21 	17 	12 	14 	16 	0
KR 	 dot-jump 	 False 	 74 	 circle 	 1024 	 768 	 1.16079767166 	 44.445 	 66.667 	 4 	 -4.10403952609 	 4.10403952609 	 4.10403952609 	 -4.10403952609 	 -3.95192345251 	 4.4412092133 	 False 	 8 	 10 	2 	7 	19 	11 	1 	14 	8 	17 	4 	3 	16 	21 	15 	20 	13 	22 	24 	12 	5 	18 	23 	9 	6 	10 	0
KR 	 dot-jump 	 False 	 75 	 circle 	 1024 	 768 	 1.16079767166 	 44.445 	 66.667 	 16 	 4.10403952609 	 -4.10403952609 	 5.02640136157 	 -2.90199417916 	 4.21538501602 	 -4.1777476498 	 False 	 14 	 10 	13 	6 	12 	5 	10 	14 	7 	1 	15 	21 	17 	24 	8 	20 	16 	9 	11 	18 	19 	3 	2 	23 	22 	4 	0
KR 	 dot-jump 	 False 	 76 	 circle 	 1024 	 768 	 1.16079767166 	 44.445 	 66.667 	 12 	 -1.50218272469 	 -5.60622225078 	 5.02640136157 	 2.90199417916 	 -1.12912098643 	 -5.30686863623 	 False 	 13 	 10 	16 	2 	20 	13 	6 	3 	24 	18 	9 	11 	21 	14 	22 	12 	4 	7 	15 	10 	1 	23 	17 	8 	5 	19 	0
KR 	 dot-jump 	 False 	 77 	 circle 	 1024 	 768 	 1.16079767166 	 44.445 	 66.667 	 22 	 4.10403952609 	 4.10403952609 	 -5.80398835832 	 0.0 	 4.06483555116 	 4.29065974844 	 False 	 21 	 10 	20 	1 	14 	23 	21 	5 	2 	15 	6 	10 	7 	16 	18 	3 	24 	17 	8 	13 	19 	11 	4 	22 	12 	9 	0
KR 	 dot-jump 	 False 	 78 	 circle 	 1024 	 768 	 1.16079767166 	 44.445 	 66.667 	 10 	 -4.10403952609 	 -4.10403952609 	 2.90199417916 	 5.02640136157 	 -4.21538501602 	 -3.9142860863 	 False 	 6 	 10 	12 	5 	19 	20 	14 	3 	10 	8 	21 	1 	23 	9 	22 	17 	13 	11 	18 	16 	15 	6 	7 	4 	2 	24 	0
KR 	 dot-jump 	 False 	 79 	 circle 	 1024 	 768 	 1.16079767166 	 44.445 	 66.667 	 13 	 0.0 	 -5.80398835832 	 0.0 	 5.80398835832 	 -0.150549464858 	 -5.98434122809 	 False 	 11 	 10 	9 	4 	7 	18 	19 	3 	11 	2 	24 	6 	1 	13 	15 	22 	23 	8 	5 	21 	16 	10 	17 	12 	20 	14 	0
KR 	 dot-jump 	 False 	 80 	 circle 	 1024 	 768 	 1.16079767166 	 44.445 	 66.667 	 15 	 2.90199417916 	 -5.02640136157 	 -5.60622225078 	 -1.50218272469 	 3.27445086065 	 -5.2315939038 	 False 	 0 	 10 	15 	24 	5 	7 	11 	20 	14 	6 	19 	1 	8 	16 	17 	18 	22 	9 	12 	10 	21 	4 	23 	3 	2 	13 	0
KR 	 dot-jump 	 False 	 81 	 circle 	 1024 	 768 	 1.16079767166 	 44.445 	 66.667 	 3 	 -2.90199417916 	 5.02640136157 	 -1.50218272469 	 -5.60622225078 	 -3.27445086065 	 4.9681323403 	 False 	 11 	 10 	24 	5 	9 	18 	2 	7 	4 	1 	21 	19 	12 	3 	22 	20 	6 	10 	15 	16 	14 	11 	8 	13 	17 	23 	0
KR 	 dot-jump 	 False 	 82 	 circle 	 1024 	 768 	 1.16079767166 	 44.445 	 66.667 	 1 	 0.0 	 5.80398835832 	 2.90199417916 	 -5.02640136157 	 0.0 	 6.02197859431 	 False 	 9 	 10 	2 	7 	14 	17 	4 	10 	16 	13 	6 	1 	15 	8 	18 	23 	19 	3 	9 	5 	22 	11 	21 	20 	24 	12 	0
KR 	 dot-jump 	 False 	 83 	 circle 	 1024 	 768 	 1.16079767166 	 44.445 	 66.667 	 15 	 2.90199417916 	 -5.02640136157 	 1.50218272469 	 -5.60622225078 	 3.1239013958 	 -5.26923127002 	 False 	 4 	 10 	22 	16 	5 	1 	15 	18 	2 	20 	17 	10 	14 	19 	3 	4 	12 	23 	24 	8 	6 	11 	7 	9 	21 	13 	0
KR 	 dot-jump 	 False 	 84 	 circle 	 1024 	 768 	 1.16079767166 	 44.445 	 66.667 	 14 	 1.50218272469 	 -5.60622225078 	 -1.50218272469 	 5.60622225078 	 1.65604411343 	 -5.45741810109 	 False 	 13 	 10 	23 	13 	16 	1 	7 	3 	18 	20 	15 	19 	2 	11 	6 	14 	12 	9 	4 	5 	17 	10 	22 	21 	24 	8 	0
KR 	 dot-jump 	 False 	 85 	 circle 	 1024 	 768 	 1.16079767166 	 44.445 	 66.667 	 12 	 -1.50218272469 	 -5.60622225078 	 -4.10403952609 	 4.10403952609 	 -2.03241777558 	 -4.9681323403 	 False 	 6 	 10 	24 	14 	20 	9 	10 	2 	12 	5 	8 	13 	4 	11 	3 	22 	21 	17 	1 	18 	23 	19 	7 	16 	6 	15 	0
KR 	 dot-jump 	 False 	 86 	 circle 	 1024 	 768 	 1.16079767166 	 44.445 	 66.667 	 20 	 5.60622225078 	 1.50218272469 	 5.60622225078 	 -1.50218272469 	 5.45741810109 	 1.65604411343 	 False 	 8 	 10 	7 	17 	16 	15 	21 	6 	19 	24 	20 	23 	18 	1 	13 	9 	8 	2 	11 	12 	4 	3 	5 	10 	22 	14 	0
KR 	 dot-jump 	 False 	 87 	 circle 	 1024 	 768 	 1.16079767166 	 44.445 	 66.667 	 8 	 -5.60622225078 	 -1.50218272469 	 -4.10403952609 	 4.10403952609 	 -5.45741810109 	 -1.50549464858 	 False 	 7 	 10 	10 	17 	24 	6 	21 	14 	20 	8 	12 	3 	4 	19 	7 	1 	5 	18 	9 	15 	16 	2 	22 	23 	11 	13 	0
KR 	 dot-jump 	 False 	 88 	 circle 	 1024 	 768 	 1.16079767166 	 44.445 	 66.667 	 16 	 4.10403952609 	 -4.10403952609 	 -1.50218272469 	 -5.60622225078 	 4.40357184709 	 -4.25302238223 	 False 	 3 	 10 	7 	21 	23 	16 	4 	20 	2 	19 	22 	18 	12 	14 	11 	6 	3 	9 	5 	15 	8 	13 	10 	1 	17 	24 	0
KR 	 dot-jump 	 False 	 89 	 circle 	 1024 	 768 	 1.16079767166 	 44.445 	 66.667 	 10 	 -4.10403952609 	 -4.10403952609 	 1.50218272469 	 5.60622225078 	 -3.80137398766 	 -4.14011028359 	 False 	 5 	 10 	20 	13 	7 	16 	18 	10 	19 	1 	4 	11 	24 	23 	14 	12 	8 	17 	2 	3 	22 	9 	6 	21 	5 	15 	0
KR 	 dot-jump 	 False 	 90 	 circle 	 1024 	 768 	 1.16079767166 	 44.445 	 66.667 	 12 	 -1.50218272469 	 -5.60622225078 	 -1.50218272469 	 -5.60622225078 	 -1.61840674722 	 -5.72087966459 	 True 	 10 	 10 	19 	7 	10 	22 	6 	15 	18 	14 	20 	4 	12 	2 	24 	3 	17 	5 	16 	11 	9 	8 	13 	1 	23 	21 	0
KR 	 dot-jump 	 False 	 91 	 circle 	 1024 	 768 	 1.16079767166 	 44.445 	 66.667 	 3 	 -2.90199417916 	 5.02640136157 	 -5.02640136157 	 -2.90199417916 	 -2.82280246608 	 4.9681323403 	 False 	 17 	 10 	22 	21 	18 	17 	19 	2 	24 	6 	16 	1 	9 	5 	11 	4 	12 	15 	10 	3 	20 	23 	8 	13 	14 	7 	0
KR 	 dot-jump 	 False 	 92 	 circle 	 1024 	 768 	 1.16079767166 	 44.445 	 66.667 	 14 	 1.50218272469 	 -5.60622225078 	 -4.10403952609 	 -4.10403952609 	 1.65604411343 	 -5.83379176324 	 False 	 6 	 10 	13 	18 	5 	12 	21 	7 	14 	23 	11 	17 	10 	6 	15 	8 	9 	16 	1 	22 	2 	4 	24 	3 	19 	20 	0
KR 	 dot-jump 	 False 	 93 	 circle 	 1024 	 768 	 1.16079767166 	 44.445 	 66.667 	 17 	 5.02640136157 	 -2.90199417916 	 5.60622225078 	 1.50218272469 	 5.00576970652 	 -2.70989036744 	 False 	 3 	 10 	4 	12 	22 	17 	2 	24 	10 	13 	15 	19 	20 	7 	18 	11 	3 	1 	16 	9 	8 	23 	14 	6 	21 	5 	0
KR 	 dot-jump 	 False 	 94 	 circle 	 1024 	 768 	 1.16079767166 	 44.445 	 66.667 	 20 	 5.60622225078 	 1.50218272469 	 5.02640136157 	 2.90199417916 	 5.15631917138 	 1.54313201479 	 False 	 13 	 10 	7 	2 	13 	6 	15 	4 	24 	1 	12 	17 	21 	5 	16 	20 	3 	23 	22 	9 	14 	11 	18 	8 	19 	10 	0
KR 	 dot-jump 	 False 	 95 	 circle 	 1024 	 768 	 1.16079767166 	 44.445 	 66.667 	 3 	 -2.90199417916 	 5.02640136157 	 -1.50218272469 	 5.60622225078 	 -2.89807719851 	 4.93049497409 	 False 	 7 	 10 	24 	12 	18 	6 	8 	5 	17 	3 	19 	23 	2 	14 	10 	13 	15 	20 	16 	21 	7 	11 	1 	4 	22 	9 	0
KR 	 dot-jump 	 False 	 96 	 circle 	 1024 	 768 	 1.16079767166 	 44.445 	 66.667 	 22 	 4.10403952609 	 4.10403952609 	 2.90199417916 	 5.02640136157 	 4.14011028359 	 3.87664872009 	 False 	 12 	 10 	5 	24 	18 	8 	2 	12 	19 	16 	9 	20 	23 	10 	22 	13 	1 	3 	14 	17 	4 	6 	11 	7 	15 	21 	0
KR 	 dot-jump 	 False 	 97 	 circle 	 1024 	 768 	 1.16079767166 	 44.445 	 66.667 	 10 	 -4.10403952609 	 -4.10403952609 	 -5.80398835832 	 0.0 	 -4.36593448087 	 -4.21538501602 	 False 	 21 	 10 	1 	24 	12 	2 	22 	23 	17 	21 	14 	11 	7 	4 	18 	9 	19 	5 	6 	20 	8 	15 	3 	10 	16 	13 	0
KR 	 dot-jump 	 False 	 98 	 circle 	 1024 	 768 	 1.16079767166 	 44.445 	 66.667 	 22 	 4.10403952609 	 4.10403952609 	 5.80398835832 	 0.0 	 4.40357184709 	 3.83901135387 	 False 	 18 	 10 	8 	6 	11 	17 	9 	10 	5 	3 	7 	24 	19 	21 	16 	15 	18 	13 	20 	14 	22 	1 	12 	2 	4 	23 	0
KR 	 dot-jump 	 False 	 99 	 circle 	 1024 	 768 	 1.16079767166 	 44.445 	 66.667 	 5 	 -5.02640136157 	 2.90199417916 	 -2.90199417916 	 5.02640136157 	 -4.77994550923 	 2.89807719851 	 False 	 16 	 10 	17 	8 	13 	10 	2 	21 	6 	1 	19 	20 	3 	9 	22 	16 	18 	4 	5 	14 	12 	23 	7 	11 	24 	15 	0
KR 	 dot-jump 	 False 	 100 	 circle 	 1024 	 768 	 1.16079767166 	 44.445 	 66.667 	 9 	 -5.02640136157 	 -2.90199417916 	 -5.02640136157 	 -2.90199417916 	 -4.9681323403 	 -3.04862666337 	 True 	 10 	 10 	14 	18 	23 	20 	19 	2 	3 	5 	8 	21 	9 	7 	4 	15 	16 	24 	13 	22 	10 	11 	6 	17 	12 	1 	0
KR 	 dot-jump 	 False 	 101 	 circle 	 1024 	 768 	 1.16079767166 	 44.445 	 66.667 	 12 	 -1.50218272469 	 -5.60622225078 	 -5.60622225078 	 1.50218272469 	 -1.50549464858 	 -5.64560493216 	 False 	 12 	 10 	2 	13 	15 	17 	20 	4 	16 	9 	11 	10 	6 	1 	12 	23 	14 	24 	19 	18 	8 	7 	5 	21 	22 	3 	0
KR 	 dot-jump 	 False 	 102 	 circle 	 1024 	 768 	 1.16079767166 	 44.445 	 66.667 	 24 	 1.50218272469 	 5.60622225078 	 5.02640136157 	 -2.90199417916 	 1.3173078175 	 5.49505546731 	 False 	 20 	 10 	15 	10 	16 	4 	2 	20 	11 	5 	18 	14 	17 	22 	8 	3 	12 	9 	7 	13 	6 	21 	24 	1 	23 	19 	0
KR 	 dot-jump 	 False 	 103 	 circle 	 1024 	 768 	 1.16079767166 	 44.445 	 66.667 	 10 	 -4.10403952609 	 -4.10403952609 	 -5.80398835832 	 0.0 	 -3.98956081873 	 -3.87664872009 	 False 	 0 	 10 	10 	22 	15 	8 	1 	17 	9 	13 	14 	20 	7 	16 	11 	4 	23 	5 	21 	12 	18 	6 	19 	2 	3 	24 	0
KR 	 dot-jump 	 False 	 104 	 circle 	 1024 	 768 	 1.16079767166 	 44.445 	 66.667 	 4 	 -4.10403952609 	 4.10403952609 	 -4.10403952609 	 4.10403952609 	 -4.1777476498 	 3.98956081873 	 True 	 10 	 10 	2 	20 	6 	14 	11 	17 	7 	5 	16 	18 	4 	3 	9 	21 	8 	19 	13 	15 	22 	24 	10 	23 	12 	1 	0
KR 	 dot-jump 	 False 	 105 	 circle 	 1024 	 768 	 1.16079767166 	 44.445 	 66.667 	 11 	 -2.90199417916 	 -5.02640136157 	 -2.90199417916 	 -5.02640136157 	 -2.74752773365 	 -5.2315939038 	 True 	 10 	 10 	24 	10 	12 	23 	21 	5 	2 	4 	14 	15 	11 	7 	20 	6 	8 	16 	9 	13 	22 	19 	17 	3 	1 	18 	0
KR 	 dot-jump 	 False 	 106 	 circle 	 1024 	 768 	 1.16079767166 	 44.445 	 66.667 	 9 	 -5.02640136157 	 -2.90199417916 	 -4.10403952609 	 -4.10403952609 	 -5.04340707273 	 -2.93571456472 	 False 	 11 	 10 	13 	2 	18 	20 	22 	17 	3 	19 	7 	8 	10 	9 	6 	15 	23 	5 	11 	1 	14 	24 	4 	16 	21 	12 	0
KR 	 dot-jump 	 False 	 107 	 circle 	 1024 	 768 	 1.16079767166 	 44.445 	 66.667 	 16 	 4.10403952609 	 -4.10403952609 	 5.60622225078 	 -1.50218272469 	 4.25302238223 	 -4.1777476498 	 False 	 13 	 10 	13 	10 	5 	3 	23 	20 	11 	14 	6 	22 	18 	4 	19 	16 	9 	21 	1 	24 	12 	8 	7 	2 	17 	15 	0
KR 	 dot-jump 	 False 	 108 	 circle 	 1024 	 768 	 1.16079767166 	 44.445 	 66.667 	 10 	 -4.10403952609 	 -4.10403952609 	 -4.10403952609 	 -4.10403952609 	 -4.29065974844 	 -4.32829711466 	 True 	 10 	 10 	24 	17 	3 	13 	23 	2 	18 	6 	5 	11 	10 	15 	1 	4 	19 	9 	22 	8 	20 	12 	16 	14 	7 	21 	0
KR 	 dot-jump 	 False 	 109 	 circle 	 1024 	 768 	 1.16079767166 	 44.445 	 66.667 	 15 	 2.90199417916 	 -5.02640136157 	 0.0 	 -5.80398835832 	 2.55934090258 	 -5.11868180516 	 False 	 21 	 10 	11 	1 	20 	17 	24 	7 	16 	4 	21 	3 	13 	18 	14 	10 	22 	8 	5 	23 	6 	2 	19 	15 	12 	9 	0
KR 	 dot-jump 	 False 	 110 	 circle 	 1024 	 768 	 1.16079767166 	 44.445 	 66.667 	 12 	 -1.50218272469 	 -5.60622225078 	 4.10403952609 	 -4.10403952609 	 -2.07005514179 	 -5.87142912945 	 False 	 13 	 10 	23 	21 	10 	14 	9 	3 	6 	1 	5 	24 	16 	15 	20 	12 	8 	7 	4 	17 	13 	22 	19 	18 	11 	2 	0
KR 	 dot-jump 	 False 	 111 	 circle 	 1024 	 768 	 1.16079767166 	 44.445 	 66.667 	 11 	 -2.90199417916 	 -5.02640136157 	 -2.90199417916 	 -5.02640136157 	 -3.3873629593 	 -4.77994550923 	 True 	 10 	 10 	3 	23 	22 	13 	9 	2 	10 	24 	6 	8 	11 	21 	14 	12 	19 	15 	16 	20 	4 	17 	18 	7 	1 	5 	0
KR 	 dot-jump 	 False 	 112 	 circle 	 1024 	 768 	 1.16079767166 	 44.445 	 66.667 	 3 	 -2.90199417916 	 5.02640136157 	 0.0 	 5.80398835832 	 -2.97335193094 	 4.81758287545 	 False 	 7 	 10 	10 	23 	9 	24 	17 	22 	2 	3 	18 	19 	1 	4 	13 	14 	12 	16 	15 	21 	11 	5 	7 	6 	20 	8 	0
KR 	 dot-jump 	 False 	 113 	 circle 	 1024 	 768 	 1.16079767166 	 44.445 	 66.667 	 15 	 2.90199417916 	 -5.02640136157 	 -5.02640136157 	 2.90199417916 	 2.70989036744 	 -4.93049497409 	 False 	 9 	 10 	4 	19 	18 	20 	3 	21 	1 	6 	22 	15 	5 	7 	13 	17 	23 	2 	16 	24 	12 	14 	10 	8 	9 	11 	0
KR 	 dot-jump 	 False 	 114 	 circle 	 1024 	 768 	 1.16079767166 	 44.445 	 66.667 	 9 	 -5.02640136157 	 -2.90199417916 	 1.50218272469 	 5.60622225078 	 -4.77994550923 	 -2.93571456472 	 False 	 17 	 10 	12 	3 	14 	15 	6 	13 	23 	17 	7 	10 	24 	8 	2 	11 	22 	19 	20 	9 	21 	4 	5 	1 	16 	18 	0
KR 	 dot-jump 	 False 	 115 	 circle 	 1024 	 768 	 1.16079767166 	 44.445 	 66.667 	 22 	 4.10403952609 	 4.10403952609 	 -1.50218272469 	 5.60622225078 	 4.14011028359 	 4.32829711466 	 False 	 8 	 10 	23 	15 	18 	24 	13 	1 	9 	19 	22 	11 	2 	5 	6 	12 	8 	20 	14 	3 	4 	16 	17 	7 	21 	10 	0
KR 	 dot-jump 	 False 	 116 	 circle 	 1024 	 768 	 1.16079767166 	 44.445 	 66.667 	 15 	 2.90199417916 	 -5.02640136157 	 -1.50218272469 	 5.60622225078 	 2.82280246608 	 -5.00576970652 	 False 	 3 	 10 	19 	12 	6 	15 	21 	8 	24 	22 	18 	14 	2 	9 	23 	10 	13 	11 	3 	4 	5 	16 	7 	17 	20 	1 	0
KR 	 dot-jump 	 False 	 117 	 circle 	 1024 	 768 	 1.16079767166 	 44.445 	 66.667 	 10 	 -4.10403952609 	 -4.10403952609 	 -1.50218272469 	 5.60622225078 	 -4.59175867816 	 -4.40357184709 	 False 	 13 	 10 	6 	22 	20 	17 	14 	8 	3 	21 	15 	1 	2 	19 	11 	10 	16 	24 	12 	7 	23 	13 	4 	9 	18 	5 	0
KR 	 dot-jump 	 False 	 118 	 circle 	 1024 	 768 	 1.16079767166 	 44.445 	 66.667 	 15 	 2.90199417916 	 -5.02640136157 	 -4.10403952609 	 4.10403952609 	 3.01098929715 	 -4.81758287545 	 False 	 4 	 10 	5 	22 	24 	17 	15 	8 	14 	7 	3 	1 	4 	16 	23 	9 	19 	20 	12 	21 	10 	2 	13 	6 	11 	18 	0
KR 	 dot-jump 	 False 	 119 	 circle 	 1024 	 768 	 1.16079767166 	 44.445 	 66.667 	 13 	 0.0 	 -5.80398835832 	 -5.80398835832 	 0.0 	 0.0 	 -5.49505546731 	 False 	 21 	 10 	6 	2 	21 	5 	12 	11 	15 	19 	4 	24 	7 	14 	20 	10 	8 	3 	1 	22 	9 	17 	23 	13 	16 	18 	0
KR 	 dot-jump 	 False 	 120 	 circle 	 1024 	 768 	 1.16079767166 	 44.445 	 66.667 	 1 	 0.0 	 5.80398835832 	 -1.50218272469 	 -5.60622225078 	 -0.112912098643 	 5.83379176324 	 False 	 8 	 10 	11 	23 	20 	10 	14 	2 	3 	22 	1 	13 	12 	19 	17 	5 	15 	9 	6 	8 	21 	4 	7 	18 	16 	24 	0
KR 	 dot-jump 	 False 	 121 	 circle 	 1024 	 768 	 1.16079767166 	 44.445 	 66.667 	 8 	 -5.60622225078 	 -1.50218272469 	 2.90199417916 	 5.02640136157 	 -5.45741810109 	 -1.50549464858 	 False 	 13 	 10 	10 	2 	7 	12 	16 	4 	21 	11 	15 	6 	23 	5 	19 	8 	17 	14 	9 	24 	1 	22 	18 	13 	3 	20 	0
KR 	 dot-jump 	 False 	 122 	 circle 	 1024 	 768 	 1.16079767166 	 44.445 	 66.667 	 11 	 -2.90199417916 	 -5.02640136157 	 -1.50218272469 	 -5.60622225078 	 -2.70989036744 	 -5.00576970652 	 False 	 20 	 10 	13 	7 	24 	6 	21 	10 	18 	17 	4 	5 	12 	16 	23 	3 	15 	1 	19 	2 	8 	22 	11 	9 	14 	20 	0
KR 	 dot-jump 	 False 	 123 	 circle 	 1024 	 768 	 1.16079767166 	 44.445 	 66.667 	 24 	 1.50218272469 	 5.60622225078 	 -1.50218272469 	 -5.60622225078 	 1.65604411343 	 5.64560493216 	 False 	 2 	 10 	13 	7 	24 	1 	15 	23 	21 	8 	6 	2 	12 	10 	19 	11 	3 	16 	14 	4 	20 	22 	18 	9 	17 	5 	0
KR 	 dot-jump 	 False 	 124 	 circle 	 1024 	 768 	 1.16079767166 	 44.445 	 66.667 	 3 	 -2.90199417916 	 5.02640136157 	 -2.90199417916 	 5.02640136157 	 -2.78516509987 	 4.85522024166 	 True 	 10 	 10 	17 	24 	14 	16 	1 	19 	23 	6 	2 	18 	3 	12 	7 	10 	8 	22 	5 	21 	20 	4 	9 	15 	11 	13 	0
KR 	 dot-jump 	 False 	 125 	 circle 	 1024 	 768 	 1.16079767166 	 44.445 	 66.667 	 18 	 5.60622225078 	 -1.50218272469 	 4.10403952609 	 4.10403952609 	 5.2315939038 	 -1.69368147965 	 False 	 14 	 10 	24 	19 	7 	12 	23 	5 	14 	16 	4 	8 	22 	2 	11 	9 	18 	1 	6 	10 	3 	20 	21 	15 	13 	17 	0
KR 	 dot-jump 	 False 	 126 	 circle 	 1024 	 768 	 1.16079767166 	 44.445 	 66.667 	 2 	 -1.50218272469 	 5.60622225078 	 0.0 	 -5.80398835832 	 -1.69368147965 	 5.2315939038 	 False 	 20 	 10 	21 	7 	15 	3 	24 	5 	22 	18 	8 	1 	13 	12 	6 	4 	9 	23 	17 	19 	11 	10 	2 	14 	16 	20 	0
KR 	 dot-jump 	 False 	 127 	 circle 	 1024 	 768 	 1.16079767166 	 44.445 	 66.667 	 8 	 -5.60622225078 	 -1.50218272469 	 -5.60622225078 	 1.50218272469 	 -5.53269283352 	 -1.09148362022 	 False 	 4 	 10 	4 	10 	1 	5 	8 	9 	19 	18 	11 	17 	6 	13 	14 	16 	7 	21 	22 	20 	15 	2 	3 	12 	23 	24 	0
KR 	 dot-jump 	 False 	 128 	 circle 	 1024 	 768 	 1.16079767166 	 44.445 	 66.667 	 15 	 2.90199417916 	 -5.02640136157 	 -2.90199417916 	 5.02640136157 	 3.08626402958 	 -4.81758287545 	 False 	 14 	 10 	19 	6 	2 	9 	5 	10 	13 	11 	23 	18 	3 	24 	14 	17 	15 	8 	7 	20 	21 	1 	12 	4 	16 	22 	0
KR 	 dot-jump 	 False 	 129 	 circle 	 1024 	 768 	 1.16079767166 	 44.445 	 66.667 	 14 	 1.50218272469 	 -5.60622225078 	 2.90199417916 	 -5.02640136157 	 1.58076938101 	 -5.41978073488 	 False 	 4 	 10 	16 	13 	12 	2 	14 	24 	4 	9 	11 	8 	15 	1 	21 	5 	20 	3 	22 	23 	18 	6 	17 	10 	19 	7 	0
KR 	 dot-jump 	 False 	 130 	 circle 	 1024 	 768 	 1.16079767166 	 44.445 	 66.667 	 3 	 -2.90199417916 	 5.02640136157 	 -2.90199417916 	 5.02640136157 	 -2.74752773365 	 4.81758287545 	 True 	 10 	 10 	2 	10 	11 	12 	6 	5 	4 	14 	23 	8 	3 	20 	18 	13 	22 	21 	7 	19 	16 	15 	9 	24 	1 	17 	0
KR 	 dot-jump 	 False 	 131 	 circle 	 1024 	 768 	 1.16079767166 	 44.445 	 66.667 	 15 	 2.90199417916 	 -5.02640136157 	 -5.02640136157 	 2.90199417916 	 2.89807719851 	 -5.11868180516 	 False 	 5 	 10 	10 	21 	16 	7 	4 	15 	12 	14 	1 	18 	5 	20 	13 	8 	23 	3 	6 	11 	24 	19 	22 	2 	17 	9 	0
KR 	 dot-jump 	 False 	 132 	 circle 	 1024 	 768 	 1.16079767166 	 44.445 	 66.667 	 17 	 5.02640136157 	 -2.90199417916 	 -2.90199417916 	 -5.02640136157 	 5.26923127002 	 -2.8604398323 	 False 	 9 	 10 	14 	24 	19 	18 	1 	21 	13 	16 	10 	17 	11 	7 	5 	6 	22 	4 	3 	9 	2 	8 	20 	23 	12 	15 	0
KR 	 dot-jump 	 False 	 133 	 circle 	 1024 	 768 	 1.16079767166 	 44.445 	 66.667 	 1 	 0.0 	 5.80398835832 	 5.02640136157 	 -2.90199417916 	 0.188186831072 	 5.75851703081 	 False 	 11 	 10 	4 	6 	10 	8 	16 	11 	22 	2 	21 	23 	17 	1 	7 	18 	14 	13 	19 	15 	12 	9 	24 	20 	5 	3 	0
KR 	 dot-jump 	 False 	 134 	 circle 	 1024 	 768 	 1.16079767166 	 44.445 	 66.667 	 24 	 1.50218272469 	 5.60622225078 	 5.02640136157 	 2.90199417916 	 1.24203308508 	 5.41978073488 	 False 	 11 	 10 	8 	22 	6 	5 	7 	14 	15 	11 	23 	13 	21 	24 	20 	3 	1 	2 	16 	4 	10 	19 	17 	9 	12 	18 	0
KR 	 dot-jump 	 False 	 135 	 circle 	 1024 	 768 	 1.16079767166 	 44.445 	 66.667 	 21 	 5.02640136157 	 2.90199417916 	 5.02640136157 	 2.90199417916 	 5.08104443895 	 2.52170353637 	 True 	 10 	 10 	16 	2 	8 	14 	18 	13 	17 	5 	23 	11 	21 	1 	3 	19 	20 	6 	22 	12 	15 	7 	10 	9 	24 	4 	0
KR 	 dot-jump 	 False 	 136 	 circle 	 1024 	 768 	 1.16079767166 	 44.445 	 66.667 	 1 	 0.0 	 5.80398835832 	 0.0 	 -5.80398835832 	 0.0 	 5.64560493216 	 False 	 17 	 10 	17 	2 	10 	14 	15 	18 	9 	20 	19 	8 	13 	23 	5 	16 	6 	24 	12 	1 	22 	3 	4 	7 	21 	11 	0
KR 	 dot-jump 	 False 	 137 	 circle 	 1024 	 768 	 1.16079767166 	 44.445 	 66.667 	 1 	 0.0 	 5.80398835832 	 -1.50218272469 	 5.60622225078 	 0.602197859431 	 5.75851703081 	 False 	 12 	 10 	14 	3 	17 	24 	7 	20 	13 	18 	8 	16 	2 	22 	1 	21 	19 	23 	6 	11 	9 	4 	10 	5 	15 	12 	0
KR 	 dot-jump 	 False 	 138 	 circle 	 1024 	 768 	 1.16079767166 	 44.445 	 66.667 	 4 	 -4.10403952609 	 4.10403952609 	 -2.90199417916 	 5.02640136157 	 -4.06483555116 	 3.87664872009 	 False 	 5 	 10 	6 	2 	1 	9 	19 	4 	11 	12 	21 	5 	3 	18 	24 	15 	20 	8 	16 	23 	17 	7 	14 	10 	13 	22 	0
KR 	 dot-jump 	 False 	 139 	 circle 	 1024 	 768 	 1.16079767166 	 44.445 	 66.667 	 10 	 -4.10403952609 	 -4.10403952609 	 1.50218272469 	 -5.60622225078 	 -3.9142860863 	 -3.72609925523 	 False 	 12 	 10 	18 	21 	5 	11 	15 	1 	22 	2 	12 	7 	14 	19 	10 	16 	23 	4 	8 	3 	13 	17 	6 	24 	9 	20 	0
KR 	 dot-jump 	 False 	 140 	 circle 	 1024 	 768 	 1.16079767166 	 44.445 	 66.667 	 22 	 4.10403952609 	 4.10403952609 	 -4.10403952609 	 4.10403952609 	 4.02719818494 	 4.1777476498 	 False 	 11 	 10 	1 	8 	20 	15 	14 	23 	13 	16 	9 	3 	4 	22 	11 	17 	19 	5 	24 	12 	21 	2 	10 	18 	7 	6 	0
KR 	 dot-jump 	 False 	 141 	 circle 	 1024 	 768 	 1.16079767166 	 44.445 	 66.667 	 13 	 0.0 	 -5.80398835832 	 -5.02640136157 	 2.90199417916 	 -0.451648394573 	 -5.60796756595 	 False 	 6 	 10 	24 	21 	7 	11 	12 	20 	13 	18 	8 	10 	5 	14 	19 	22 	6 	9 	23 	17 	3 	15 	1 	2 	4 	16 	0
KR 	 dot-jump 	 False 	 142 	 circle 	 1024 	 768 	 1.16079767166 	 44.445 	 66.667 	 14 	 1.50218272469 	 -5.60622225078 	 5.60622225078 	 -1.50218272469 	 1.58076938101 	 -5.45741810109 	 False 	 12 	 10 	4 	16 	7 	23 	5 	10 	19 	20 	12 	15 	18 	22 	14 	17 	8 	9 	3 	21 	13 	6 	1 	2 	11 	24 	0
KR 	 dot-jump 	 False 	 143 	 circle 	 1024 	 768 	 1.16079767166 	 44.445 	 66.667 	 22 	 4.10403952609 	 4.10403952609 	 -5.80398835832 	 0.0 	 4.36593448087 	 4.02719818494 	 False 	 7 	 10 	8 	19 	3 	4 	16 	1 	12 	22 	14 	20 	7 	6 	24 	2 	9 	23 	17 	15 	18 	13 	21 	11 	5 	10 	0
KR 	 dot-jump 	 False 	 144 	 circle 	 1024 	 768 	 1.16079767166 	 44.445 	 66.667 	 11 	 -2.90199417916 	 -5.02640136157 	 -4.10403952609 	 -4.10403952609 	 -2.8604398323 	 -4.85522024166 	 False 	 8 	 10 	13 	7 	23 	8 	5 	22 	16 	18 	11 	20 	10 	6 	19 	1 	24 	14 	12 	15 	2 	9 	4 	17 	3 	21 	0
KR 	 dot-jump 	 False 	 145 	 circle 	 1024 	 768 	 1.16079767166 	 44.445 	 66.667 	 1 	 0.0 	 5.80398835832 	 4.10403952609 	 -4.10403952609 	 0.0376373662144 	 5.64560493216 	 False 	 23 	 10 	20 	4 	23 	9 	14 	3 	18 	6 	24 	11 	16 	5 	22 	12 	2 	15 	8 	7 	19 	21 	10 	17 	13 	1 	0
KR 	 dot-jump 	 False 	 146 	 circle 	 1024 	 768 	 1.16079767166 	 44.445 	 66.667 	 24 	 1.50218272469 	 5.60622225078 	 -5.60622225078 	 1.50218272469 	 1.76895621208 	 5.26923127002 	 False 	 2 	 10 	8 	22 	24 	19 	16 	9 	23 	5 	12 	11 	6 	17 	13 	2 	18 	15 	20 	3 	4 	7 	14 	21 	1 	10 	0
KR 	 dot-jump 	 False 	 147 	 circle 	 1024 	 768 	 1.16079767166 	 44.445 	 66.667 	 12 	 -1.50218272469 	 -5.60622225078 	 5.02640136157 	 2.90199417916 	 -1.61840674722 	 -5.41978073488 	 False 	 23 	 10 	22 	14 	2 	10 	16 	7 	13 	24 	8 	11 	21 	18 	15 	4 	20 	19 	5 	23 	9 	17 	1 	6 	3 	12 	0
KR 	 dot-jump 	 False 	 148 	 circle 	 1024 	 768 	 1.16079767166 	 44.445 	 66.667 	 13 	 0.0 	 -5.80398835832 	 2.90199417916 	 5.02640136157 	 0.0 	 -5.57033019973 	 False 	 20 	 10 	10 	16 	17 	12 	11 	2 	4 	14 	6 	7 	23 	15 	22 	24 	8 	21 	9 	18 	20 	3 	13 	5 	19 	1 	0
KR 	 dot-jump 	 False 	 149 	 circle 	 1024 	 768 	 1.16079767166 	 44.445 	 66.667 	 15 	 2.90199417916 	 -5.02640136157 	 -2.90199417916 	 -5.02640136157 	 3.19917612823 	 -4.77994550923 	 False 	 6 	 10 	20 	12 	9 	17 	8 	14 	15 	3 	22 	7 	11 	16 	18 	1 	5 	23 	21 	13 	24 	19 	10 	6 	4 	2 	0
KR 	 dot-jump 	 False 	 150 	 circle 	 1024 	 768 	 1.16079767166 	 44.445 	 66.667 	 15 	 2.90199417916 	 -5.02640136157 	 4.10403952609 	 -4.10403952609 	 2.67225300122 	 -5.00576970652 	 False 	 3 	 10 	14 	4 	23 	15 	21 	5 	13 	18 	7 	22 	16 	9 	2 	1 	20 	19 	8 	17 	10 	24 	12 	3 	11 	6 	0
KR 	 dot-jump 	 False 	 151 	 circle 	 1024 	 768 	 1.16079767166 	 44.445 	 66.667 	 3 	 -2.90199417916 	 5.02640136157 	 4.10403952609 	 -4.10403952609 	 -2.74752773365 	 4.81758287545 	 False 	 14 	 10 	10 	19 	1 	14 	8 	23 	20 	15 	12 	2 	16 	4 	22 	18 	3 	7 	17 	11 	24 	21 	13 	6 	5 	9 	0
KR 	 dot-jump 	 False 	 152 	 circle 	 1024 	 768 	 1.16079767166 	 44.445 	 66.667 	 1 	 0.0 	 5.80398835832 	 -5.80398835832 	 0.0 	 0.225824197287 	 5.38214336866 	 False 	 22 	 10 	4 	20 	18 	14 	6 	3 	15 	2 	5 	21 	7 	19 	12 	17 	23 	24 	8 	16 	9 	22 	11 	13 	1 	10 	0
KR 	 dot-jump 	 False 	 153 	 circle 	 1024 	 768 	 1.16079767166 	 44.445 	 66.667 	 3 	 -2.90199417916 	 5.02640136157 	 -4.10403952609 	 -4.10403952609 	 -3.04862666337 	 5.00576970652 	 False 	 2 	 10 	1 	9 	3 	18 	14 	6 	4 	23 	19 	21 	10 	16 	5 	2 	8 	20 	24 	12 	13 	22 	7 	11 	15 	17 	0
KR 	 dot-jump 	 False 	 154 	 circle 	 1024 	 768 	 1.16079767166 	 44.445 	 66.667 	 15 	 2.90199417916 	 -5.02640136157 	 1.50218272469 	 -5.60622225078 	 2.82280246608 	 -4.93049497409 	 False 	 11 	 10 	7 	2 	16 	3 	13 	8 	19 	21 	11 	22 	14 	15 	23 	1 	4 	5 	9 	12 	18 	17 	6 	10 	24 	20 	0
KR 	 dot-jump 	 False 	 155 	 circle 	 1024 	 768 	 1.16079767166 	 44.445 	 66.667 	 24 	 1.50218272469 	 5.60622225078 	 -5.02640136157 	 2.90199417916 	 1.46785728236 	 5.75851703081 	 False 	 9 	 10 	3 	18 	10 	11 	6 	21 	16 	15 	2 	24 	5 	1 	9 	23 	8 	12 	14 	19 	4 	20 	22 	13 	17 	7 	0
KR 	 dot-jump 	 False 	 156 	 circle 	 1024 	 768 	 1.16079767166 	 44.445 	 66.667 	 24 	 1.50218272469 	 5.60622225078 	 1.50218272469 	 -5.60622225078 	 1.84423094451 	 5.72087966459 	 False 	 9 	 10 	3 	6 	11 	16 	23 	9 	20 	21 	4 	24 	14 	17 	18 	19 	2 	1 	12 	13 	8 	5 	7 	15 	10 	22 	0
KR 	 dot-jump 	 False 	 157 	 circle 	 1024 	 768 	 1.16079767166 	 44.445 	 66.667 	 4 	 -4.10403952609 	 4.10403952609 	 0.0 	 -5.80398835832 	 -3.57554979037 	 3.95192345251 	 False 	 11 	 10 	16 	23 	7 	17 	19 	14 	20 	6 	2 	24 	13 	4 	10 	3 	5 	18 	15 	1 	12 	21 	22 	11 	8 	9 	0
KR 	 dot-jump 	 False 	 158 	 circle 	 1024 	 768 	 1.16079767166 	 44.445 	 66.667 	 21 	 5.02640136157 	 2.90199417916 	 1.50218272469 	 -5.60622225078 	 5.26923127002 	 2.70989036744 	 False 	 9 	 10 	15 	22 	24 	1 	17 	4 	18 	2 	12 	21 	14 	23 	20 	8 	3 	16 	11 	6 	19 	5 	10 	13 	9 	7 	0
KR 	 dot-jump 	 False 	 159 	 circle 	 1024 	 768 	 1.16079767166 	 44.445 	 66.667 	 2 	 -1.50218272469 	 5.60622225078 	 5.02640136157 	 2.90199417916 	 -1.3173078175 	 5.45741810109 	 False 	 1 	 10 	12 	2 	22 	6 	23 	20 	4 	11 	18 	5 	21 	1 	17 	7 	14 	15 	13 	8 	10 	3 	24 	19 	16 	9 	0
KR 	 dot-jump 	 False 	 160 	 circle 	 1024 	 768 	 1.16079767166 	 44.445 	 66.667 	 1 	 0.0 	 5.80398835832 	 0.0 	 5.80398835832 	 0.150549464858 	 6.13489069295 	 True 	 10 	 10 	8 	11 	5 	3 	20 	23 	19 	10 	14 	13 	1 	17 	12 	15 	7 	16 	22 	21 	6 	9 	2 	4 	18 	24 	0
KR 	 dot-jump 	 False 	 161 	 circle 	 1024 	 768 	 1.16079767166 	 44.445 	 66.667 	 3 	 -2.90199417916 	 5.02640136157 	 0.0 	 -5.80398835832 	 -2.97335193094 	 5.08104443895 	 False 	 9 	 10 	9 	12 	24 	16 	6 	18 	19 	14 	23 	3 	13 	22 	7 	17 	2 	5 	10 	1 	15 	21 	20 	4 	11 	8 	0
KR 	 dot-jump 	 False 	 162 	 circle 	 1024 	 768 	 1.16079767166 	 44.445 	 66.667 	 3 	 -2.90199417916 	 5.02640136157 	 5.60622225078 	 -1.50218272469 	 -2.52170353637 	 4.85522024166 	 False 	 14 	 10 	14 	8 	4 	24 	13 	9 	15 	2 	19 	22 	18 	11 	23 	10 	3 	20 	6 	5 	21 	1 	12 	16 	7 	17 	0
KR 	 dot-jump 	 False 	 163 	 circle 	 1024 	 768 	 1.16079767166 	 44.445 	 66.667 	 21 	 5.02640136157 	 2.90199417916 	 4.10403952609 	 -4.10403952609 	 5.49505546731 	 2.44642880394 	 False 	 11 	 10 	4 	14 	7 	6 	23 	20 	18 	15 	3 	22 	16 	21 	10 	13 	9 	8 	17 	19 	5 	11 	12 	24 	2 	1 	0
KR 	 dot-jump 	 False 	 164 	 circle 	 1024 	 768 	 1.16079767166 	 44.445 	 66.667 	 3 	 -2.90199417916 	 5.02640136157 	 -1.50218272469 	 5.60622225078 	 -3.27445086065 	 4.93049497409 	 False 	 8 	 10 	18 	24 	1 	8 	20 	22 	10 	17 	3 	4 	2 	19 	9 	7 	15 	16 	11 	5 	13 	14 	21 	12 	6 	23 	0
KR 	 dot-jump 	 False 	 165 	 circle 	 1024 	 768 	 1.16079767166 	 44.445 	 66.667 	 3 	 -2.90199417916 	 5.02640136157 	 5.02640136157 	 2.90199417916 	 -3.1239013958 	 4.81758287545 	 False 	 8 	 10 	20 	13 	7 	4 	9 	11 	1 	15 	3 	6 	21 	8 	22 	10 	14 	19 	2 	24 	16 	12 	5 	17 	23 	18 	0
KR 	 dot-jump 	 False 	 166 	 circle 	 1024 	 768 	 1.16079767166 	 44.445 	 66.667 	 23 	 2.90199417916 	 5.02640136157 	 -5.02640136157 	 2.90199417916 	 2.89807719851 	 5.04340707273 	 False 	 14 	 10 	15 	14 	6 	8 	4 	21 	20 	7 	17 	24 	5 	13 	10 	3 	23 	1 	16 	9 	18 	19 	2 	12 	22 	11 	0
KR 	 dot-jump 	 False 	 167 	 circle 	 1024 	 768 	 1.16079767166 	 44.445 	 66.667 	 5 	 -5.02640136157 	 2.90199417916 	 -2.90199417916 	 5.02640136157 	 -4.9681323403 	 2.63461563501 	 False 	 11 	 10 	18 	10 	9 	20 	14 	23 	16 	6 	19 	17 	3 	5 	4 	2 	7 	15 	13 	11 	1 	21 	8 	22 	24 	12 	0
KR 	 dot-jump 	 False 	 168 	 circle 	 1024 	 768 	 1.16079767166 	 44.445 	 66.667 	 22 	 4.10403952609 	 4.10403952609 	 -5.80398835832 	 0.0 	 4.36593448087 	 4.25302238223 	 False 	 18 	 10 	14 	12 	3 	11 	1 	21 	2 	19 	16 	24 	7 	20 	9 	6 	4 	5 	18 	13 	22 	10 	15 	17 	8 	23 	0
KR 	 dot-jump 	 False 	 169 	 circle 	 1024 	 768 	 1.16079767166 	 44.445 	 66.667 	 21 	 5.02640136157 	 2.90199417916 	 5.02640136157 	 -2.90199417916 	 5.38214336866 	 2.97335193094 	 False 	 11 	 10 	10 	12 	18 	13 	20 	3 	6 	8 	23 	15 	17 	21 	11 	9 	5 	4 	24 	1 	14 	19 	7 	16 	2 	22 	0
KR 	 dot-jump 	 False 	 170 	 circle 	 1024 	 768 	 1.16079767166 	 44.445 	 66.667 	 24 	 1.50218272469 	 5.60622225078 	 4.10403952609 	 4.10403952609 	 1.35494518372 	 5.64560493216 	 False 	 19 	 10 	2 	3 	10 	23 	8 	9 	14 	18 	12 	6 	22 	15 	16 	1 	7 	5 	19 	20 	11 	24 	21 	13 	4 	17 	0
KR 	 dot-jump 	 False 	 171 	 circle 	 1024 	 768 	 1.16079767166 	 44.445 	 66.667 	 21 	 5.02640136157 	 2.90199417916 	 2.90199417916 	 5.02640136157 	 5.00576970652 	 3.19917612823 	 False 	 16 	 10 	14 	19 	20 	8 	6 	13 	24 	1 	16 	5 	23 	17 	15 	22 	11 	4 	21 	7 	2 	12 	3 	10 	9 	18 	0
KR 	 dot-jump 	 False 	 172 	 circle 	 1024 	 768 	 1.16079767166 	 44.445 	 66.667 	 10 	 -4.10403952609 	 -4.10403952609 	 2.90199417916 	 -5.02640136157 	 -4.51648394573 	 -3.9142860863 	 False 	 16 	 10 	6 	23 	20 	3 	22 	18 	9 	7 	5 	4 	15 	8 	19 	11 	2 	24 	10 	12 	21 	13 	1 	17 	16 	14 	0
KR 	 dot-jump 	 False 	 173 	 circle 	 1024 	 768 	 1.16079767166 	 44.445 	 66.667 	 17 	 5.02640136157 	 -2.90199417916 	 5.60622225078 	 -1.50218272469 	 4.9681323403 	 -3.19917612823 	 False 	 22 	 10 	5 	22 	1 	9 	14 	10 	16 	13 	12 	11 	18 	20 	23 	3 	6 	15 	4 	19 	21 	2 	8 	7 	17 	24 	0
KR 	 dot-jump 	 False 	 174 	 circle 	 1024 	 768 	 1.16079767166 	 44.445 	 66.667 	 5 	 -5.02640136157 	 2.90199417916 	 4.10403952609 	 -4.10403952609 	 -4.62939604437 	 2.93571456472 	 False 	 15 	 10 	10 	21 	12 	22 	2 	23 	7 	13 	9 	3 	16 	17 	4 	19 	14 	5 	20 	24 	15 	6 	1 	8 	11 	18 	0
KR 	 dot-jump 	 False 	 175 	 circle 	 1024 	 768 	 1.16079767166 	 44.445 	 66.667 	 24 	 1.50218272469 	 5.60622225078 	 0.0 	 5.80398835832 	 1.12912098643 	 5.72087966459 	 False 	 11 	 10 	20 	23 	16 	17 	14 	13 	8 	15 	9 	11 	1 	24 	5 	6 	18 	2 	3 	10 	19 	22 	4 	7 	12 	21 	0
KR 	 dot-jump 	 False 	 176 	 circle 	 1024 	 768 	 1.16079767166 	 44.445 	 66.667 	 15 	 2.90199417916 	 -5.02640136157 	 2.90199417916 	 -5.02640136157 	 3.16153876201 	 -5.15631917138 	 True 	 10 	 10 	14 	18 	4 	17 	2 	6 	11 	19 	7 	23 	15 	9 	22 	12 	5 	3 	1 	20 	8 	24 	16 	10 	21 	13 	0
KR 	 dot-jump 	 False 	 177 	 circle 	 1024 	 768 	 1.16079767166 	 44.445 	 66.667 	 14 	 1.50218272469 	 -5.60622225078 	 5.60622225078 	 -1.50218272469 	 1.76895621208 	 -5.57033019973 	 False 	 1 	 10 	10 	14 	23 	2 	5 	4 	11 	16 	21 	13 	18 	15 	20 	3 	12 	1 	9 	6 	7 	24 	19 	22 	8 	17 	0
KR 	 dot-jump 	 False 	 178 	 circle 	 1024 	 768 	 1.16079767166 	 44.445 	 66.667 	 10 	 -4.10403952609 	 -4.10403952609 	 -5.02640136157 	 2.90199417916 	 -4.55412131195 	 -4.14011028359 	 False 	 12 	 10 	15 	17 	23 	13 	14 	6 	7 	19 	24 	12 	5 	16 	10 	18 	21 	2 	1 	11 	20 	3 	22 	8 	9 	4 	0
KR 	 dot-jump 	 False 	 179 	 circle 	 1024 	 768 	 1.16079767166 	 44.445 	 66.667 	 11 	 -2.90199417916 	 -5.02640136157 	 -1.50218272469 	 -5.60622225078 	 -2.55934090258 	 -4.66703341059 	 False 	 0 	 10 	11 	23 	2 	4 	16 	22 	17 	3 	15 	8 	12 	21 	24 	18 	5 	7 	14 	13 	19 	9 	1 	20 	6 	10 	0
KR 	 dot-jump 	 False 	 180 	 circle 	 1024 	 768 	 1.16079767166 	 44.445 	 66.667 	 10 	 -4.10403952609 	 -4.10403952609 	 5.80398835832 	 0.0 	 -4.02719818494 	 -4.06483555116 	 False 	 11 	 10 	20 	3 	9 	14 	2 	12 	7 	13 	15 	6 	19 	10 	18 	4 	24 	23 	5 	22 	21 	1 	17 	16 	8 	11 	0
KR 	 dot-jump 	 False 	 181 	 circle 	 1024 	 768 	 1.16079767166 	 44.445 	 66.667 	 5 	 -5.02640136157 	 2.90199417916 	 5.02640136157 	 -2.90199417916 	 -5.26923127002 	 2.70989036744 	 False 	 11 	 10 	3 	8 	18 	13 	14 	20 	6 	2 	11 	19 	17 	5 	9 	21 	15 	16 	24 	10 	7 	12 	22 	23 	4 	1 	0
KR 	 dot-jump 	 False 	 182 	 circle 	 1024 	 768 	 1.16079767166 	 44.445 	 66.667 	 22 	 4.10403952609 	 4.10403952609 	 -2.90199417916 	 5.02640136157 	 4.06483555116 	 4.21538501602 	 False 	 11 	 10 	16 	1 	24 	6 	4 	21 	12 	19 	11 	23 	3 	22 	18 	15 	7 	10 	17 	9 	5 	8 	14 	20 	13 	2 	0
KR 	 dot-jump 	 False 	 183 	 circle 	 1024 	 768 	 1.16079767166 	 44.445 	 66.667 	 5 	 -5.02640136157 	 2.90199417916 	 4.10403952609 	 -4.10403952609 	 -4.85522024166 	 2.67225300122 	 False 	 15 	 10 	2 	12 	18 	10 	14 	21 	11 	15 	24 	6 	16 	7 	4 	8 	1 	5 	19 	22 	20 	23 	17 	9 	3 	13 	0
KR 	 dot-jump 	 False 	 184 	 circle 	 1024 	 768 	 1.16079767166 	 44.445 	 66.667 	 7 	 -5.80398835832 	 0.0 	 -5.60622225078 	 1.50218272469 	 -5.94670386188 	 0.33873629593 	 False 	 5 	 10 	5 	3 	14 	21 	24 	7 	17 	12 	4 	11 	6 	22 	1 	15 	23 	8 	18 	19 	2 	10 	9 	13 	20 	16 	0
KR 	 dot-jump 	 False 	 185 	 circle 	 1024 	 768 	 1.16079767166 	 44.445 	 66.667 	 11 	 -2.90199417916 	 -5.02640136157 	 -5.60622225078 	 1.50218272469 	 -2.8604398323 	 -4.9681323403 	 False 	 6 	 10 	16 	17 	21 	23 	13 	4 	11 	14 	1 	7 	6 	10 	3 	15 	20 	18 	22 	19 	5 	24 	8 	12 	2 	9 	0
KR 	 dot-jump 	 False 	 186 	 circle 	 1024 	 768 	 1.16079767166 	 44.445 	 66.667 	 24 	 1.50218272469 	 5.60622225078 	 -5.60622225078 	 1.50218272469 	 1.50549464858 	 5.87142912945 	 False 	 12 	 10 	22 	13 	16 	8 	18 	15 	17 	19 	7 	23 	6 	20 	24 	4 	5 	11 	9 	1 	21 	10 	3 	14 	2 	12 	0
KR 	 dot-jump 	 False 	 187 	 circle 	 1024 	 768 	 1.16079767166 	 44.445 	 66.667 	 12 	 -1.50218272469 	 -5.60622225078 	 -2.90199417916 	 -5.02640136157 	 -1.58076938101 	 -5.49505546731 	 False 	 14 	 10 	14 	20 	1 	6 	2 	7 	3 	18 	15 	9 	11 	16 	17 	10 	12 	8 	13 	24 	4 	21 	22 	5 	19 	23 	0
KR 	 dot-jump 	 False 	 188 	 circle 	 1024 	 768 	 1.16079767166 	 44.445 	 66.667 	 4 	 -4.10403952609 	 4.10403952609 	 -1.50218272469 	 5.60622225078 	 -3.87664872009 	 4.1777476498 	 False 	 21 	 10 	6 	16 	15 	18 	7 	12 	1 	13 	5 	11 	2 	10 	23 	3 	17 	14 	22 	9 	20 	19 	21 	4 	24 	8 	0
KR 	 dot-jump 	 False 	 189 	 circle 	 1024 	 768 	 1.16079767166 	 44.445 	 66.667 	 8 	 -5.60622225078 	 -1.50218272469 	 -5.60622225078 	 -1.50218272469 	 -4.93049497409 	 -1.35494518372 	 True 	 10 	 10 	19 	18 	9 	6 	2 	21 	12 	4 	24 	5 	8 	23 	7 	11 	15 	20 	14 	17 	10 	1 	13 	22 	3 	16 	0
KR 	 dot-jump 	 False 	 190 	 circle 	 1024 	 768 	 1.16079767166 	 44.445 	 66.667 	 23 	 2.90199417916 	 5.02640136157 	 -5.02640136157 	 -2.90199417916 	 3.16153876201 	 5.00576970652 	 False 	 6 	 10 	16 	6 	22 	15 	3 	20 	23 	11 	13 	7 	9 	4 	1 	17 	19 	5 	24 	8 	10 	12 	21 	14 	2 	18 	0
KR 	 dot-jump 	 False 	 191 	 circle 	 1024 	 768 	 1.16079767166 	 44.445 	 66.667 	 12 	 -1.50218272469 	 -5.60622225078 	 -2.90199417916 	 -5.02640136157 	 -1.54313201479 	 -5.38214336866 	 False 	 20 	 10 	22 	23 	9 	7 	24 	18 	10 	14 	16 	13 	11 	19 	21 	8 	20 	15 	6 	5 	17 	3 	12 	4 	1 	2 	0
KR 	 dot-jump 	 False 	 192 	 circle 	 1024 	 768 	 1.16079767166 	 44.445 	 66.667 	 13 	 0.0 	 -5.80398835832 	 5.80398835832 	 0.0 	 0.0 	 -5.68324229838 	 False 	 22 	 10 	10 	15 	18 	8 	21 	12 	4 	24 	11 	7 	19 	14 	22 	6 	5 	17 	2 	16 	23 	3 	20 	9 	13 	1 	0
KR 	 dot-jump 	 False 	 193 	 circle 	 1024 	 768 	 1.16079767166 	 44.445 	 66.667 	 10 	 -4.10403952609 	 -4.10403952609 	 -5.60622225078 	 1.50218272469 	 -4.1777476498 	 -3.76373662144 	 False 	 12 	 10 	15 	1 	3 	24 	13 	14 	18 	4 	8 	20 	6 	22 	10 	23 	9 	21 	19 	17 	7 	2 	16 	5 	11 	12 	0
KR 	 dot-jump 	 False 	 194 	 circle 	 1024 	 768 	 1.16079767166 	 44.445 	 66.667 	 4 	 -4.10403952609 	 4.10403952609 	 -5.02640136157 	 2.90199417916 	 -3.76373662144 	 4.29065974844 	 False 	 16 	 10 	13 	22 	23 	19 	9 	21 	2 	18 	3 	6 	5 	16 	12 	17 	15 	14 	4 	10 	11 	20 	1 	8 	7 	24 	0
KR 	 dot-jump 	 False 	 195 	 circle 	 1024 	 768 	 1.16079767166 	 44.445 	 66.667 	 16 	 4.10403952609 	 -4.10403952609 	 4.10403952609 	 -4.10403952609 	 4.10247291737 	 -4.66703341059 	 True 	 10 	 10 	11 	12 	2 	5 	6 	13 	8 	22 	9 	10 	16 	20 	24 	19 	3 	4 	1 	14 	7 	17 	21 	23 	18 	15 	0
KR 	 dot-jump 	 False 	 196 	 circle 	 1024 	 768 	 1.16079767166 	 44.445 	 66.667 	 13 	 0.0 	 -5.80398835832 	 2.90199417916 	 -5.02640136157 	 0.225824197287 	 -5.53269283352 	 False 	 13 	 10 	11 	5 	1 	18 	20 	7 	19 	21 	2 	8 	15 	9 	24 	13 	6 	22 	16 	4 	10 	12 	23 	17 	3 	14 	0
KR 	 dot-jump 	 False 	 197 	 circle 	 1024 	 768 	 1.16079767166 	 44.445 	 66.667 	 14 	 1.50218272469 	 -5.60622225078 	 5.80398835832 	 0.0 	 1.65604411343 	 -5.72087966459 	 False 	 5 	 10 	8 	20 	17 	5 	7 	14 	1 	3 	24 	9 	19 	18 	23 	16 	6 	4 	21 	11 	15 	13 	10 	22 	12 	2 	0
KR 	 dot-jump 	 False 	 198 	 circle 	 1024 	 768 	 1.16079767166 	 44.445 	 66.667 	 16 	 4.10403952609 	 -4.10403952609 	 5.60622225078 	 1.50218272469 	 4.32829711466 	 -4.14011028359 	 False 	 16 	 10 	6 	10 	4 	9 	19 	8 	13 	23 	11 	1 	20 	18 	14 	7 	15 	12 	16 	22 	24 	21 	3 	5 	17 	2 	0
KR 	 dot-jump 	 False 	 199 	 circle 	 1024 	 768 	 1.16079767166 	 44.445 	 66.667 	 16 	 4.10403952609 	 -4.10403952609 	 4.10403952609 	 -4.10403952609 	 3.95192345251 	 -4.25302238223 	 True 	 10 	 10 	11 	14 	13 	9 	19 	18 	1 	20 	8 	22 	16 	5 	2 	15 	3 	4 	7 	17 	6 	12 	23 	24 	10 	21 	0
KR 	 dot-jump 	 False 	 200 	 circle 	 1024 	 768 	 1.16079767166 	 44.445 	 66.667 	 11 	 -2.90199417916 	 -5.02640136157 	 1.50218272469 	 -5.60622225078 	 -2.93571456472 	 -5.08104443895 	 False 	 8 	 10 	16 	6 	8 	17 	3 	24 	10 	23 	11 	2 	14 	21 	22 	12 	18 	15 	13 	1 	7 	20 	9 	5 	4 	19 	0
KR 	 dot-jump 	 False 	 201 	 circle 	 1024 	 768 	 1.16079767166 	 44.445 	 66.667 	 21 	 5.02640136157 	 2.90199417916 	 -4.10403952609 	 -4.10403952609 	 5.19395653759 	 3.01098929715 	 False 	 0 	 10 	21 	22 	23 	9 	7 	19 	8 	20 	14 	17 	10 	12 	3 	13 	2 	11 	1 	6 	4 	5 	24 	16 	15 	18 	0
KR 	 dot-jump 	 False 	 202 	 circle 	 1024 	 768 	 1.16079767166 	 44.445 	 66.667 	 16 	 4.10403952609 	 -4.10403952609 	 5.80398835832 	 0.0 	 4.25302238223 	 -4.1777476498 	 False 	 18 	 10 	11 	14 	4 	10 	5 	21 	6 	17 	13 	12 	19 	9 	15 	3 	24 	2 	18 	8 	16 	20 	22 	7 	23 	1 	0
KR 	 dot-jump 	 False 	 203 	 circle 	 1024 	 768 	 1.16079767166 	 44.445 	 66.667 	 14 	 1.50218272469 	 -5.60622225078 	 -5.60622225078 	 -1.50218272469 	 1.39258254993 	 -5.57033019973 	 False 	 11 	 10 	9 	2 	13 	4 	3 	1 	15 	18 	23 	19 	8 	14 	17 	22 	10 	11 	24 	7 	5 	16 	6 	20 	21 	12 	0
KR 	 dot-jump 	 False 	 204 	 circle 	 1024 	 768 	 1.16079767166 	 44.445 	 66.667 	 1 	 0.0 	 5.80398835832 	 1.50218272469 	 5.60622225078 	 -0.150549464858 	 6.02197859431 	 False 	 18 	 10 	15 	12 	23 	4 	3 	9 	5 	10 	6 	22 	24 	14 	20 	19 	21 	11 	2 	16 	1 	18 	13 	7 	8 	17 	0
KR 	 dot-jump 	 False 	 205 	 circle 	 1024 	 768 	 1.16079767166 	 44.445 	 66.667 	 1 	 0.0 	 5.80398835832 	 4.10403952609 	 4.10403952609 	 -0.112912098643 	 5.79615439702 	 False 	 9 	 10 	19 	9 	18 	23 	17 	6 	2 	3 	7 	1 	22 	5 	15 	10 	12 	8 	14 	13 	4 	16 	24 	20 	21 	11 	0
KR 	 dot-jump 	 False 	 206 	 circle 	 1024 	 768 	 1.16079767166 	 44.445 	 66.667 	 16 	 4.10403952609 	 -4.10403952609 	 -4.10403952609 	 -4.10403952609 	 4.06483555116 	 -4.21538501602 	 False 	 7 	 10 	21 	3 	9 	12 	17 	23 	24 	16 	13 	15 	10 	18 	19 	7 	5 	22 	11 	2 	20 	1 	14 	4 	6 	8 	0
KR 	 dot-jump 	 False 	 207 	 circle 	 1024 	 768 	 1.16079767166 	 44.445 	 66.667 	 15 	 2.90199417916 	 -5.02640136157 	 2.90199417916 	 5.02640136157 	 3.16153876201 	 -5.00576970652 	 False 	 9 	 10 	6 	7 	22 	11 	5 	14 	13 	17 	12 	15 	23 	10 	18 	9 	21 	2 	24 	3 	20 	8 	16 	1 	19 	4 	0
KR 	 dot-jump 	 False 	 208 	 circle 	 1024 	 768 	 1.16079767166 	 44.445 	 66.667 	 9 	 -5.02640136157 	 -2.90199417916 	 5.60622225078 	 1.50218272469 	 -5.11868180516 	 -3.04862666337 	 False 	 9 	 10 	5 	18 	19 	16 	10 	6 	3 	23 	11 	9 	20 	22 	15 	8 	2 	21 	12 	24 	4 	7 	14 	17 	1 	13 	0
KR 	 dot-jump 	 False 	 209 	 circle 	 1024 	 768 	 1.16079767166 	 44.445 	 66.667 	 21 	 5.02640136157 	 2.90199417916 	 -5.02640136157 	 2.90199417916 	 5.00576970652 	 2.97335193094 	 False 	 20 	 10 	10 	18 	16 	8 	7 	23 	19 	3 	1 	20 	5 	9 	11 	15 	2 	4 	22 	12 	24 	6 	21 	17 	13 	14 	0
KR 	 dot-jump 	 False 	 210 	 circle 	 1024 	 768 	 1.16079767166 	 44.445 	 66.667 	 20 	 5.60622225078 	 1.50218272469 	 5.60622225078 	 1.50218272469 	 5.53269283352 	 1.01620888779 	 True 	 10 	 10 	13 	11 	4 	12 	9 	22 	8 	6 	17 	16 	20 	2 	5 	1 	19 	15 	24 	10 	14 	23 	3 	21 	18 	7 	0
KR 	 dot-jump 	 False 	 211 	 circle 	 1024 	 768 	 1.16079767166 	 44.445 	 66.667 	 11 	 -2.90199417916 	 -5.02640136157 	 -2.90199417916 	 -5.02640136157 	 -3.3873629593 	 -5.26923127002 	 True 	 10 	 10 	9 	21 	8 	24 	23 	4 	6 	10 	13 	15 	11 	7 	12 	14 	5 	3 	20 	17 	19 	22 	16 	18 	2 	1 	0
KR 	 dot-jump 	 False 	 212 	 circle 	 1024 	 768 	 1.16079767166 	 44.445 	 66.667 	 3 	 -2.90199417916 	 5.02640136157 	 -1.50218272469 	 5.60622225078 	 -2.89807719851 	 4.85522024166 	 False 	 13 	 10 	11 	12 	23 	7 	20 	22 	16 	5 	14 	6 	2 	19 	21 	3 	10 	17 	13 	8 	4 	15 	24 	9 	1 	18 	0
KR 	 dot-jump 	 False 	 213 	 circle 	 1024 	 768 	 1.16079767166 	 44.445 	 66.667 	 16 	 4.10403952609 	 -4.10403952609 	 4.10403952609 	 -4.10403952609 	 4.29065974844 	 -4.10247291737 	 True 	 10 	 10 	21 	1 	5 	24 	15 	2 	20 	22 	3 	18 	16 	10 	12 	9 	17 	13 	19 	7 	11 	6 	8 	23 	4 	14 	0
KR 	 dot-jump 	 False 	 214 	 circle 	 1024 	 768 	 1.16079767166 	 44.445 	 66.667 	 2 	 -1.50218272469 	 5.60622225078 	 0.0 	 5.80398835832 	 -1.43021991615 	 5.75851703081 	 False 	 21 	 10 	23 	6 	14 	8 	5 	9 	13 	20 	16 	7 	1 	19 	10 	11 	15 	18 	4 	12 	17 	22 	24 	2 	3 	21 	0
