subject 	task 	staircase 	trialNum 	stimulus 	monitorWidth 	monitorHeight 	stimHeight  	ISI 	SOA 	responseSpatialPos 	responseX 	responseY 	correctX 	correctY 	clickX 	clickY 	accuracy 	responsePosInStream 	correctPosInStream 	position0 	position1 	position2 	position3 	position4 	position5 	position6 	position7 	position8 	position9 	position10 	position11 	position12 	position13 	position14 	position15 	position16 	position17 	position18 	position19 	position20 	position21 	position22 	position23 	longFrames
KRLetter 	 dot-jump 	 False 	 0 	 D 	 1024 	 768 	 1.16079767166 	 44.445 	 66.667 	 15 	 2.90199417916 	 -5.02640136157 	 -2.90199417916 	 5.02640136157 	 3.08626402958 	 -5.00576970652 	 False 	 16 	 10 	22 	20 	4 	10 	1 	9 	16 	23 	12 	18 	3 	2 	17 	6 	5 	21 	15 	13 	19 	14 	8 	24 	7 	11 	0
KRLetter 	 dot-jump 	 False 	 1 	 D 	 1024 	 768 	 1.16079767166 	 44.445 	 66.667 	 22 	 4.10403952609 	 4.10403952609 	 1.50218272469 	 5.60622225078 	 4.21538501602 	 3.95192345251 	 False 	 8 	 10 	18 	8 	20 	6 	7 	5 	9 	13 	22 	23 	24 	19 	15 	10 	3 	16 	14 	4 	21 	1 	17 	2 	11 	12 	0
KRLetter 	 dot-jump 	 False 	 2 	 D 	 1024 	 768 	 1.16079767166 	 44.445 	 66.667 	 9 	 -5.02640136157 	 -2.90199417916 	 1.50218272469 	 5.60622225078 	 -5.04340707273 	 -3.04862666337 	 False 	 14 	 10 	16 	20 	15 	13 	2 	10 	12 	6 	21 	18 	24 	22 	8 	7 	9 	19 	14 	11 	3 	4 	23 	1 	17 	5 	0
KRLetter 	 dot-jump 	 False 	 3 	 D 	 1024 	 768 	 1.16079767166 	 44.445 	 66.667 	 16 	 4.10403952609 	 -4.10403952609 	 5.02640136157 	 -2.90199417916 	 4.32829711466 	 -3.87664872009 	 False 	 4 	 10 	22 	21 	9 	14 	16 	15 	24 	6 	2 	18 	17 	5 	20 	23 	10 	1 	3 	12 	8 	7 	4 	13 	11 	19 	0
KRLetter 	 dot-jump 	 False 	 4 	 D 	 1024 	 768 	 1.16079767166 	 44.445 	 66.667 	 4 	 -4.10403952609 	 4.10403952609 	 -4.10403952609 	 4.10403952609 	 -3.83901135387 	 4.06483555116 	 True 	 10 	 10 	22 	6 	3 	19 	24 	1 	20 	23 	8 	13 	4 	18 	21 	12 	10 	11 	17 	2 	14 	5 	16 	15 	9 	7 	0
KRLetter 	 dot-jump 	 False 	 5 	 D 	 1024 	 768 	 1.16079767166 	 44.445 	 66.667 	 5 	 -5.02640136157 	 2.90199417916 	 -4.10403952609 	 4.10403952609 	 -4.9681323403 	 2.82280246608 	 False 	 16 	 10 	10 	24 	7 	8 	22 	18 	15 	16 	17 	19 	4 	13 	20 	14 	23 	12 	5 	1 	11 	3 	6 	21 	2 	9 	0
KRLetter 	 dot-jump 	 False 	 6 	 D 	 1024 	 768 	 1.16079767166 	 44.445 	 66.667 	 10 	 -4.10403952609 	 -4.10403952609 	 -5.60622225078 	 -1.50218272469 	 -4.32829711466 	 -3.98956081873 	 False 	 16 	 10 	16 	1 	19 	21 	2 	6 	9 	22 	3 	7 	8 	13 	4 	14 	15 	17 	10 	11 	18 	5 	24 	23 	12 	20 	0
KRLetter 	 dot-jump 	 False 	 7 	 D 	 1024 	 768 	 1.16079767166 	 44.445 	 66.667 	 11 	 -2.90199417916 	 -5.02640136157 	 -5.02640136157 	 -2.90199417916 	 -2.97335193094 	 -4.81758287545 	 False 	 14 	 10 	16 	20 	2 	7 	24 	5 	3 	23 	12 	14 	9 	19 	4 	6 	11 	10 	21 	18 	1 	15 	13 	22 	17 	8 	0
KRLetter 	 dot-jump 	 False 	 8 	 D 	 1024 	 768 	 1.16079767166 	 44.445 	 66.667 	 13 	 0.0 	 -5.80398835832 	 -4.10403952609 	 4.10403952609 	 0.0376373662144 	 -5.87142912945 	 False 	 4 	 10 	6 	9 	19 	21 	13 	3 	15 	5 	14 	18 	4 	2 	12 	20 	17 	8 	10 	24 	16 	7 	22 	1 	11 	23 	0
KRLetter 	 dot-jump 	 False 	 9 	 D 	 1024 	 768 	 1.16079767166 	 44.445 	 66.667 	 8 	 -5.60622225078 	 -1.50218272469 	 -5.02640136157 	 -2.90199417916 	 -5.57033019973 	 -1.61840674722 	 False 	 14 	 10 	2 	15 	17 	23 	22 	10 	24 	11 	16 	21 	9 	6 	20 	18 	8 	14 	12 	7 	13 	1 	5 	19 	3 	4 	0
KRLetter 	 dot-jump 	 False 	 10 	 D 	 1024 	 768 	 1.16079767166 	 44.445 	 66.667 	 3 	 -2.90199417916 	 5.02640136157 	 -4.10403952609 	 4.10403952609 	 -3.16153876201 	 4.9681323403 	 False 	 20 	 10 	22 	11 	20 	1 	7 	17 	8 	18 	9 	16 	4 	24 	13 	2 	14 	23 	6 	21 	12 	15 	3 	5 	19 	10 	0
KRLetter 	 dot-jump 	 False 	 11 	 D 	 1024 	 768 	 1.16079767166 	 44.445 	 66.667 	 21 	 5.02640136157 	 2.90199417916 	 1.50218272469 	 5.60622225078 	 5.11868180516 	 2.97335193094 	 False 	 11 	 10 	1 	20 	5 	4 	2 	12 	6 	9 	22 	13 	24 	21 	17 	11 	14 	19 	7 	23 	3 	16 	18 	15 	10 	8 	0
KRLetter 	 dot-jump 	 False 	 12 	 D 	 1024 	 768 	 1.16079767166 	 44.445 	 66.667 	 15 	 2.90199417916 	 -5.02640136157 	 -5.60622225078 	 -1.50218272469 	 2.78516509987 	 -5.00576970652 	 False 	 18 	 10 	16 	19 	17 	12 	7 	21 	14 	9 	22 	5 	8 	1 	20 	18 	4 	2 	23 	24 	15 	11 	6 	3 	10 	13 	0
KRLetter 	 dot-jump 	 False 	 13 	 D 	 1024 	 768 	 1.16079767166 	 44.445 	 66.667 	 3 	 -2.90199417916 	 5.02640136157 	 0.0 	 5.80398835832 	 -3.23681349444 	 4.89285760787 	 False 	 12 	 10 	24 	20 	5 	6 	7 	2 	23 	17 	11 	12 	1 	16 	3 	13 	4 	10 	21 	22 	9 	15 	14 	8 	18 	19 	0
KRLetter 	 dot-jump 	 False 	 14 	 D 	 1024 	 768 	 1.16079767166 	 44.445 	 66.667 	 4 	 -4.10403952609 	 4.10403952609 	 -1.50218272469 	 5.60622225078 	 -4.25302238223 	 3.83901135387 	 False 	 15 	 10 	9 	21 	22 	14 	17 	20 	16 	12 	10 	1 	2 	19 	7 	13 	18 	4 	8 	5 	6 	23 	15 	11 	3 	24 	0
KRLetter 	 dot-jump 	 False 	 15 	 D 	 1024 	 768 	 1.16079767166 	 44.445 	 66.667 	 11 	 -2.90199417916 	 -5.02640136157 	 -5.02640136157 	 -2.90199417916 	 -3.08626402958 	 -5.34450600245 	 False 	 13 	 10 	3 	6 	15 	22 	8 	7 	10 	24 	5 	13 	9 	4 	20 	11 	19 	12 	18 	23 	21 	16 	2 	17 	1 	14 	0
KRLetter 	 dot-jump 	 False 	 16 	 D 	 1024 	 768 	 1.16079767166 	 44.445 	 66.667 	 23 	 2.90199417916 	 5.02640136157 	 -2.90199417916 	 -5.02640136157 	 2.74752773365 	 5.08104443895 	 False 	 12 	 10 	8 	14 	18 	20 	13 	2 	6 	3 	9 	24 	11 	7 	23 	16 	19 	21 	4 	15 	17 	5 	12 	22 	10 	1 	0
KRLetter 	 dot-jump 	 False 	 17 	 D 	 1024 	 768 	 1.16079767166 	 44.445 	 66.667 	 3 	 -2.90199417916 	 5.02640136157 	 -4.10403952609 	 4.10403952609 	 -2.89807719851 	 5.11868180516 	 False 	 16 	 10 	13 	16 	18 	14 	21 	8 	6 	11 	23 	24 	4 	7 	15 	1 	5 	2 	3 	22 	20 	10 	12 	17 	19 	9 	0
KRLetter 	 dot-jump 	 False 	 18 	 D 	 1024 	 768 	 1.16079767166 	 44.445 	 66.667 	 11 	 -2.90199417916 	 -5.02640136157 	 5.02640136157 	 2.90199417916 	 -2.70989036744 	 -5.11868180516 	 False 	 13 	 10 	16 	7 	2 	17 	5 	15 	4 	14 	19 	9 	21 	22 	13 	11 	3 	1 	20 	10 	8 	24 	18 	6 	12 	23 	0
KRLetter 	 dot-jump 	 False 	 19 	 D 	 1024 	 768 	 1.16079767166 	 44.445 	 66.667 	 15 	 2.90199417916 	 -5.02640136157 	 -5.02640136157 	 -2.90199417916 	 2.89807719851 	 -5.11868180516 	 False 	 6 	 10 	21 	4 	10 	17 	24 	5 	15 	1 	7 	20 	9 	14 	3 	19 	6 	23 	13 	16 	11 	8 	2 	12 	18 	22 	0
KRLetter 	 dot-jump 	 False 	 20 	 D 	 1024 	 768 	 1.16079767166 	 44.445 	 66.667 	 12 	 -1.50218272469 	 -5.60622225078 	 0.0 	 -5.80398835832 	 -1.24203308508 	 -5.41978073488 	 False 	 9 	 10 	20 	18 	5 	17 	24 	21 	15 	4 	16 	12 	13 	8 	6 	1 	19 	2 	11 	22 	3 	23 	14 	10 	9 	7 	0
KRLetter 	 dot-jump 	 False 	 21 	 D 	 1024 	 768 	 1.16079767166 	 44.445 	 66.667 	 17 	 5.02640136157 	 -2.90199417916 	 5.60622225078 	 -1.50218272469 	 5.15631917138 	 -2.8604398323 	 False 	 12 	 10 	19 	11 	21 	24 	3 	16 	14 	20 	13 	23 	18 	12 	17 	8 	4 	6 	7 	5 	15 	2 	22 	10 	1 	9 	0
KRLetter 	 dot-jump 	 False 	 22 	 D 	 1024 	 768 	 1.16079767166 	 44.445 	 66.667 	 23 	 2.90199417916 	 5.02640136157 	 -4.10403952609 	 4.10403952609 	 2.89807719851 	 5.11868180516 	 False 	 1 	 10 	5 	23 	20 	18 	13 	2 	24 	9 	15 	10 	4 	21 	17 	6 	22 	14 	3 	7 	12 	8 	16 	1 	19 	11 	0
KRLetter 	 dot-jump 	 False 	 23 	 D 	 1024 	 768 	 1.16079767166 	 44.445 	 66.667 	 11 	 -2.90199417916 	 -5.02640136157 	 -1.50218272469 	 -5.60622225078 	 -3.04862666337 	 -5.00576970652 	 False 	 13 	 10 	21 	23 	1 	17 	13 	2 	10 	14 	6 	15 	12 	16 	22 	11 	19 	24 	7 	8 	3 	5 	9 	18 	20 	4 	0
KRLetter 	 dot-jump 	 False 	 24 	 D 	 1024 	 768 	 1.16079767166 	 44.445 	 66.667 	 9 	 -5.02640136157 	 -2.90199417916 	 5.02640136157 	 2.90199417916 	 -5.00576970652 	 -2.89807719851 	 False 	 23 	 10 	6 	5 	17 	15 	4 	11 	1 	7 	14 	8 	21 	22 	2 	13 	24 	20 	18 	16 	23 	19 	3 	12 	10 	9 	0
KRLetter 	 dot-jump 	 False 	 25 	 D 	 1024 	 768 	 1.16079767166 	 44.445 	 66.667 	 12 	 -1.50218272469 	 -5.60622225078 	 5.60622225078 	 -1.50218272469 	 -1.88186831072 	 -5.60796756595 	 False 	 16 	 10 	7 	24 	2 	5 	4 	21 	3 	11 	9 	16 	18 	10 	20 	13 	23 	1 	12 	17 	15 	6 	14 	22 	8 	19 	0
KRLetter 	 dot-jump 	 False 	 26 	 D 	 1024 	 768 	 1.16079767166 	 44.445 	 66.667 	 22 	 4.10403952609 	 4.10403952609 	 2.90199417916 	 -5.02640136157 	 4.10247291737 	 4.29065974844 	 False 	 22 	 10 	14 	17 	6 	12 	5 	20 	4 	3 	24 	23 	15 	18 	13 	10 	11 	2 	19 	1 	9 	8 	7 	21 	22 	16 	0
KRLetter 	 dot-jump 	 False 	 27 	 D 	 1024 	 768 	 1.16079767166 	 44.445 	 66.667 	 8 	 -5.60622225078 	 -1.50218272469 	 -5.80398835832 	 0.0 	 -5.64560493216 	 -1.54313201479 	 False 	 17 	 10 	22 	10 	21 	2 	19 	1 	23 	5 	11 	9 	7 	15 	16 	20 	24 	3 	13 	8 	18 	6 	4 	14 	12 	17 	0
KRLetter 	 dot-jump 	 False 	 28 	 D 	 1024 	 768 	 1.16079767166 	 44.445 	 66.667 	 6 	 -5.60622225078 	 1.50218272469 	 -5.02640136157 	 2.90199417916 	 -5.2315939038 	 1.80659357829 	 False 	 2 	 10 	1 	18 	6 	14 	10 	7 	20 	16 	12 	2 	5 	8 	21 	3 	15 	23 	13 	22 	4 	24 	17 	11 	9 	19 	0
KRLetter 	 dot-jump 	 False 	 29 	 D 	 1024 	 768 	 1.16079767166 	 44.445 	 66.667 	 15 	 2.90199417916 	 -5.02640136157 	 4.10403952609 	 -4.10403952609 	 2.70989036744 	 -5.30686863623 	 False 	 16 	 10 	21 	11 	17 	23 	7 	1 	20 	13 	14 	3 	16 	5 	8 	4 	22 	2 	15 	12 	18 	19 	6 	9 	10 	24 	0
KRLetter 	 dot-jump 	 False 	 30 	 D 	 1024 	 768 	 1.16079767166 	 44.445 	 66.667 	 2 	 -1.50218272469 	 5.60622225078 	 0.0 	 5.80398835832 	 -1.80659357829 	 5.41978073488 	 False 	 5 	 10 	24 	7 	15 	9 	6 	2 	8 	12 	16 	23 	1 	17 	13 	21 	18 	5 	4 	20 	10 	11 	19 	3 	22 	14 	0
KRLetter 	 dot-jump 	 False 	 31 	 D 	 1024 	 768 	 1.16079767166 	 44.445 	 66.667 	 12 	 -1.50218272469 	 -5.60622225078 	 4.10403952609 	 4.10403952609 	 -1.35494518372 	 -5.45741810109 	 False 	 2 	 10 	9 	19 	12 	6 	2 	21 	14 	13 	24 	20 	22 	11 	3 	10 	18 	23 	17 	15 	1 	16 	5 	8 	4 	7 	0
KRLetter 	 dot-jump 	 False 	 32 	 D 	 1024 	 768 	 1.16079767166 	 44.445 	 66.667 	 3 	 -2.90199417916 	 5.02640136157 	 -5.02640136157 	 2.90199417916 	 -2.97335193094 	 5.08104443895 	 False 	 16 	 10 	13 	22 	9 	18 	17 	2 	14 	10 	1 	6 	5 	19 	4 	24 	16 	15 	3 	7 	11 	21 	12 	20 	23 	8 	0
KRLetter 	 dot-jump 	 False 	 33 	 D 	 1024 	 768 	 1.16079767166 	 44.445 	 66.667 	 3 	 -2.90199417916 	 5.02640136157 	 -2.90199417916 	 5.02640136157 	 -3.04862666337 	 4.62939604437 	 True 	 10 	 10 	20 	17 	21 	14 	24 	9 	5 	7 	6 	2 	3 	11 	22 	12 	19 	10 	18 	15 	1 	8 	13 	16 	23 	4 	0
KRLetter 	 dot-jump 	 False 	 34 	 D 	 1024 	 768 	 1.16079767166 	 44.445 	 66.667 	 23 	 2.90199417916 	 5.02640136157 	 4.10403952609 	 -4.10403952609 	 2.8604398323 	 4.81758287545 	 False 	 15 	 10 	4 	12 	5 	9 	20 	19 	8 	22 	10 	3 	16 	17 	11 	15 	24 	23 	14 	13 	2 	18 	6 	1 	7 	21 	0
KRLetter 	 dot-jump 	 False 	 35 	 D 	 1024 	 768 	 1.16079767166 	 44.445 	 66.667 	 1 	 0.0 	 5.80398835832 	 5.80398835832 	 0.0 	 -0.0752747324288 	 5.45741810109 	 False 	 18 	 10 	3 	2 	22 	8 	24 	12 	11 	13 	6 	16 	19 	18 	5 	7 	9 	17 	14 	4 	1 	21 	15 	23 	10 	20 	0
KRLetter 	 dot-jump 	 False 	 36 	 D 	 1024 	 768 	 1.16079767166 	 44.445 	 66.667 	 11 	 -2.90199417916 	 -5.02640136157 	 -5.02640136157 	 -2.90199417916 	 -3.08626402958 	 -4.81758287545 	 False 	 9 	 10 	7 	6 	20 	12 	21 	5 	16 	3 	4 	11 	9 	23 	15 	10 	17 	2 	24 	8 	22 	13 	18 	19 	14 	1 	0
KRLetter 	 dot-jump 	 False 	 37 	 D 	 1024 	 768 	 1.16079767166 	 44.445 	 66.667 	 23 	 2.90199417916 	 5.02640136157 	 4.10403952609 	 -4.10403952609 	 2.67225300122 	 4.7046707768 	 False 	 7 	 10 	9 	6 	8 	22 	11 	17 	10 	23 	15 	2 	16 	1 	13 	3 	7 	4 	20 	18 	14 	5 	12 	24 	21 	19 	0
KRLetter 	 dot-jump 	 False 	 38 	 D 	 1024 	 768 	 1.16079767166 	 44.445 	 66.667 	 12 	 -1.50218272469 	 -5.60622225078 	 4.10403952609 	 4.10403952609 	 -1.54313201479 	 -5.72087966459 	 False 	 11 	 10 	3 	11 	5 	8 	10 	14 	7 	23 	13 	19 	22 	12 	21 	17 	18 	20 	6 	24 	16 	9 	2 	15 	4 	1 	0
KRLetter 	 dot-jump 	 False 	 39 	 D 	 1024 	 768 	 1.16079767166 	 44.445 	 66.667 	 7 	 -5.80398835832 	 0.0 	 -5.80398835832 	 0.0 	 -5.87142912945 	 -0.150549464858 	 True 	 10 	 10 	6 	24 	19 	20 	8 	12 	23 	1 	3 	15 	7 	16 	22 	21 	18 	13 	14 	2 	11 	17 	9 	4 	10 	5 	0
KRLetter 	 dot-jump 	 False 	 40 	 D 	 1024 	 768 	 1.16079767166 	 44.445 	 66.667 	 15 	 2.90199417916 	 -5.02640136157 	 0.0 	 5.80398835832 	 3.08626402958 	 -4.81758287545 	 False 	 7 	 10 	4 	23 	21 	18 	13 	6 	22 	15 	3 	24 	1 	8 	20 	2 	12 	19 	5 	10 	14 	17 	11 	7 	16 	9 	0
KRLetter 	 dot-jump 	 False 	 41 	 D 	 1024 	 768 	 1.16079767166 	 44.445 	 66.667 	 4 	 -4.10403952609 	 4.10403952609 	 -5.80398835832 	 0.0 	 -4.25302238223 	 3.76373662144 	 False 	 20 	 10 	12 	19 	5 	13 	11 	6 	1 	22 	21 	2 	7 	3 	9 	16 	14 	18 	8 	23 	17 	20 	4 	15 	24 	10 	0
KRLetter 	 dot-jump 	 False 	 42 	 D 	 1024 	 768 	 1.16079767166 	 44.445 	 66.667 	 17 	 5.02640136157 	 -2.90199417916 	 0.0 	 5.80398835832 	 5.04340707273 	 -2.44642880394 	 False 	 6 	 10 	16 	5 	20 	19 	23 	3 	17 	21 	6 	8 	1 	22 	14 	10 	4 	12 	13 	24 	15 	11 	9 	18 	7 	2 	0
KRLetter 	 dot-jump 	 False 	 43 	 D 	 1024 	 768 	 1.16079767166 	 44.445 	 66.667 	 23 	 2.90199417916 	 5.02640136157 	 5.60622225078 	 -1.50218272469 	 2.78516509987 	 5.2315939038 	 False 	 12 	 10 	10 	8 	3 	24 	2 	5 	22 	11 	20 	4 	18 	12 	23 	21 	13 	17 	16 	15 	6 	7 	1 	14 	9 	19 	0
KRLetter 	 dot-jump 	 False 	 44 	 D 	 1024 	 768 	 1.16079767166 	 44.445 	 66.667 	 4 	 -4.10403952609 	 4.10403952609 	 -5.60622225078 	 -1.50218272469 	 -3.95192345251 	 3.9142860863 	 False 	 14 	 10 	1 	19 	15 	21 	11 	12 	24 	18 	7 	3 	8 	2 	20 	23 	4 	22 	14 	13 	17 	5 	10 	6 	16 	9 	0
KRLetter 	 dot-jump 	 False 	 45 	 D 	 1024 	 768 	 1.16079767166 	 44.445 	 66.667 	 3 	 -2.90199417916 	 5.02640136157 	 1.50218272469 	 5.60622225078 	 -2.97335193094 	 5.00576970652 	 False 	 6 	 10 	6 	14 	1 	2 	4 	17 	3 	7 	15 	10 	24 	22 	12 	19 	9 	8 	21 	5 	20 	11 	23 	18 	16 	13 	0
KRLetter 	 dot-jump 	 False 	 46 	 D 	 1024 	 768 	 1.16079767166 	 44.445 	 66.667 	 23 	 2.90199417916 	 5.02640136157 	 -2.90199417916 	 -5.02640136157 	 2.82280246608 	 5.11868180516 	 False 	 12 	 10 	7 	20 	17 	4 	15 	1 	22 	5 	3 	14 	11 	24 	23 	21 	18 	13 	9 	19 	8 	10 	6 	2 	16 	12 	0
KRLetter 	 dot-jump 	 False 	 47 	 D 	 1024 	 768 	 1.16079767166 	 44.445 	 66.667 	 23 	 2.90199417916 	 5.02640136157 	 5.02640136157 	 -2.90199417916 	 2.8604398323 	 4.59175867816 	 False 	 7 	 10 	18 	7 	21 	11 	24 	6 	2 	23 	3 	12 	17 	4 	20 	9 	15 	8 	5 	22 	16 	14 	10 	1 	19 	13 	0
KRLetter 	 dot-jump 	 False 	 48 	 D 	 1024 	 768 	 1.16079767166 	 44.445 	 66.667 	 1 	 0.0 	 5.80398835832 	 -2.90199417916 	 -5.02640136157 	 0.150549464858 	 5.64560493216 	 False 	 13 	 10 	22 	23 	10 	21 	12 	8 	9 	13 	20 	2 	11 	24 	5 	1 	16 	17 	7 	15 	4 	3 	18 	19 	14 	6 	0
KRLetter 	 dot-jump 	 False 	 49 	 D 	 1024 	 768 	 1.16079767166 	 44.445 	 66.667 	 4 	 -4.10403952609 	 4.10403952609 	 -5.60622225078 	 1.50218272469 	 -4.29065974844 	 4.06483555116 	 False 	 2 	 10 	1 	14 	4 	16 	15 	24 	7 	21 	8 	20 	6 	19 	18 	5 	10 	11 	23 	9 	22 	3 	17 	12 	2 	13 	0
KRLetter 	 dot-jump 	 False 	 50 	 D 	 1024 	 768 	 1.16079767166 	 44.445 	 66.667 	 23 	 2.90199417916 	 5.02640136157 	 0.0 	 -5.80398835832 	 2.67225300122 	 4.9681323403 	 False 	 7 	 10 	17 	3 	20 	2 	1 	4 	15 	23 	9 	7 	13 	16 	24 	6 	5 	12 	21 	18 	19 	8 	11 	10 	22 	14 	0
KRLetter 	 dot-jump 	 False 	 51 	 D 	 1024 	 768 	 1.16079767166 	 44.445 	 66.667 	 16 	 4.10403952609 	 -4.10403952609 	 5.60622225078 	 -1.50218272469 	 4.21538501602 	 -4.14011028359 	 False 	 9 	 10 	2 	9 	6 	19 	10 	22 	24 	3 	15 	16 	18 	21 	11 	7 	8 	12 	17 	13 	20 	14 	4 	1 	5 	23 	0
KRLetter 	 dot-jump 	 False 	 52 	 D 	 1024 	 768 	 1.16079767166 	 44.445 	 66.667 	 10 	 -4.10403952609 	 -4.10403952609 	 4.10403952609 	 -4.10403952609 	 -4.29065974844 	 -3.83901135387 	 False 	 9 	 10 	5 	6 	1 	14 	21 	13 	17 	19 	20 	10 	16 	7 	18 	8 	2 	12 	23 	22 	15 	3 	9 	4 	11 	24 	0
KRLetter 	 dot-jump 	 False 	 53 	 D 	 1024 	 768 	 1.16079767166 	 44.445 	 66.667 	 2 	 -1.50218272469 	 5.60622225078 	 -2.90199417916 	 5.02640136157 	 -1.73131884586 	 5.34450600245 	 False 	 6 	 10 	6 	18 	17 	9 	14 	20 	2 	5 	15 	22 	3 	12 	1 	4 	13 	24 	7 	10 	8 	21 	16 	19 	23 	11 	0
KRLetter 	 dot-jump 	 False 	 54 	 D 	 1024 	 768 	 1.16079767166 	 44.445 	 66.667 	 1 	 0.0 	 5.80398835832 	 4.10403952609 	 -4.10403952609 	 -0.112912098643 	 5.19395653759 	 False 	 19 	 10 	13 	18 	20 	23 	2 	17 	3 	24 	6 	14 	16 	9 	4 	7 	22 	19 	8 	15 	21 	1 	10 	12 	5 	11 	0
KRLetter 	 dot-jump 	 False 	 55 	 D 	 1024 	 768 	 1.16079767166 	 44.445 	 66.667 	 16 	 4.10403952609 	 -4.10403952609 	 -5.60622225078 	 -1.50218272469 	 4.14011028359 	 -4.10247291737 	 False 	 18 	 10 	18 	12 	20 	19 	14 	5 	6 	17 	10 	15 	8 	9 	4 	13 	21 	22 	3 	1 	16 	23 	7 	2 	24 	11 	0
KRLetter 	 dot-jump 	 False 	 56 	 D 	 1024 	 768 	 1.16079767166 	 44.445 	 66.667 	 23 	 2.90199417916 	 5.02640136157 	 1.50218272469 	 5.60622225078 	 2.78516509987 	 5.04340707273 	 False 	 21 	 10 	7 	16 	3 	6 	17 	11 	14 	1 	20 	15 	24 	19 	8 	9 	22 	12 	2 	13 	10 	4 	18 	23 	21 	5 	0
KRLetter 	 dot-jump 	 False 	 57 	 D 	 1024 	 768 	 1.16079767166 	 44.445 	 66.667 	 12 	 -1.50218272469 	 -5.60622225078 	 5.60622225078 	 -1.50218272469 	 -1.69368147965 	 -5.75851703081 	 False 	 11 	 10 	7 	22 	3 	2 	21 	14 	19 	24 	13 	16 	18 	12 	17 	20 	23 	5 	10 	6 	9 	15 	4 	8 	11 	1 	0
KRLetter 	 dot-jump 	 False 	 58 	 D 	 1024 	 768 	 1.16079767166 	 44.445 	 66.667 	 13 	 0.0 	 -5.80398835832 	 -4.10403952609 	 -4.10403952609 	 -0.150549464858 	 -5.79615439702 	 False 	 11 	 10 	16 	22 	7 	5 	15 	21 	18 	1 	23 	8 	10 	13 	14 	9 	20 	17 	2 	3 	12 	4 	6 	19 	24 	11 	0
KRLetter 	 dot-jump 	 False 	 59 	 D 	 1024 	 768 	 1.16079767166 	 44.445 	 66.667 	 24 	 1.50218272469 	 5.60622225078 	 -5.80398835832 	 0.0 	 1.46785728236 	 5.45741810109 	 False 	 7 	 10 	23 	19 	2 	15 	11 	8 	18 	24 	21 	17 	7 	14 	13 	10 	12 	1 	6 	22 	20 	3 	4 	9 	5 	16 	0
KRLetter 	 dot-jump 	 False 	 60 	 D 	 1024 	 768 	 1.16079767166 	 44.445 	 66.667 	 15 	 2.90199417916 	 -5.02640136157 	 1.50218272469 	 -5.60622225078 	 2.78516509987 	 -5.19395653759 	 False 	 15 	 10 	12 	21 	6 	5 	2 	17 	23 	13 	20 	19 	14 	16 	7 	8 	1 	15 	24 	11 	10 	22 	4 	9 	3 	18 	0
KRLetter 	 dot-jump 	 False 	 61 	 D 	 1024 	 768 	 1.16079767166 	 44.445 	 66.667 	 22 	 4.10403952609 	 4.10403952609 	 2.90199417916 	 5.02640136157 	 4.25302238223 	 3.95192345251 	 False 	 14 	 10 	2 	3 	20 	5 	13 	1 	4 	9 	12 	19 	23 	21 	10 	7 	22 	17 	8 	11 	15 	14 	16 	18 	6 	24 	0
KRLetter 	 dot-jump 	 False 	 62 	 D 	 1024 	 768 	 1.16079767166 	 44.445 	 66.667 	 4 	 -4.10403952609 	 4.10403952609 	 -5.60622225078 	 1.50218272469 	 -4.40357184709 	 3.87664872009 	 False 	 11 	 10 	1 	10 	22 	20 	16 	14 	15 	24 	5 	8 	6 	4 	11 	23 	17 	21 	18 	2 	12 	19 	9 	3 	7 	13 	0
KRLetter 	 dot-jump 	 False 	 63 	 D 	 1024 	 768 	 1.16079767166 	 44.445 	 66.667 	 15 	 2.90199417916 	 -5.02640136157 	 5.02640136157 	 2.90199417916 	 3.04862666337 	 -5.34450600245 	 False 	 15 	 10 	17 	19 	10 	18 	1 	16 	8 	11 	3 	13 	21 	14 	5 	24 	20 	15 	4 	6 	12 	7 	22 	2 	23 	9 	0
KRLetter 	 dot-jump 	 False 	 64 	 D 	 1024 	 768 	 1.16079767166 	 44.445 	 66.667 	 10 	 -4.10403952609 	 -4.10403952609 	 -5.02640136157 	 -2.90199417916 	 -4.21538501602 	 -3.83901135387 	 False 	 4 	 10 	16 	17 	12 	5 	10 	7 	8 	24 	23 	21 	9 	6 	1 	11 	15 	18 	14 	19 	3 	13 	4 	22 	2 	20 	0
KRLetter 	 dot-jump 	 False 	 65 	 D 	 1024 	 768 	 1.16079767166 	 44.445 	 66.667 	 13 	 0.0 	 -5.80398835832 	 -1.50218272469 	 -5.60622225078 	 -0.451648394573 	 -5.57033019973 	 False 	 18 	 10 	9 	14 	22 	11 	4 	2 	15 	7 	17 	8 	12 	21 	1 	3 	16 	20 	18 	10 	13 	24 	6 	19 	5 	23 	0
KRLetter 	 dot-jump 	 False 	 66 	 D 	 1024 	 768 	 1.16079767166 	 44.445 	 66.667 	 15 	 2.90199417916 	 -5.02640136157 	 2.90199417916 	 -5.02640136157 	 2.63461563501 	 -5.15631917138 	 True 	 10 	 10 	5 	6 	24 	4 	3 	19 	20 	21 	14 	8 	15 	17 	22 	18 	16 	7 	13 	23 	10 	1 	12 	11 	9 	2 	0
KRLetter 	 dot-jump 	 False 	 67 	 D 	 1024 	 768 	 1.16079767166 	 44.445 	 66.667 	 12 	 -1.50218272469 	 -5.60622225078 	 -4.10403952609 	 -4.10403952609 	 -1.69368147965 	 -5.94670386188 	 False 	 19 	 10 	18 	21 	3 	16 	7 	11 	8 	1 	6 	22 	10 	13 	24 	19 	4 	15 	14 	5 	17 	12 	20 	9 	2 	23 	0
KRLetter 	 dot-jump 	 False 	 68 	 D 	 1024 	 768 	 1.16079767166 	 44.445 	 66.667 	 2 	 -1.50218272469 	 5.60622225078 	 -4.10403952609 	 -4.10403952609 	 -1.69368147965 	 5.15631917138 	 False 	 11 	 10 	18 	21 	22 	5 	17 	4 	12 	9 	20 	24 	10 	2 	14 	3 	1 	23 	11 	16 	15 	8 	6 	13 	19 	7 	0
KRLetter 	 dot-jump 	 False 	 69 	 D 	 1024 	 768 	 1.16079767166 	 44.445 	 66.667 	 10 	 -4.10403952609 	 -4.10403952609 	 4.10403952609 	 4.10403952609 	 -3.87664872009 	 -3.95192345251 	 False 	 9 	 10 	17 	13 	11 	4 	7 	8 	14 	9 	2 	10 	22 	19 	24 	23 	3 	15 	18 	5 	1 	16 	6 	21 	20 	12 	0
KRLetter 	 dot-jump 	 False 	 70 	 D 	 1024 	 768 	 1.16079767166 	 44.445 	 66.667 	 11 	 -2.90199417916 	 -5.02640136157 	 5.02640136157 	 2.90199417916 	 -2.93571456472 	 -5.15631917138 	 False 	 15 	 10 	16 	17 	24 	2 	15 	4 	13 	10 	5 	22 	21 	18 	12 	23 	1 	11 	3 	6 	9 	8 	20 	19 	14 	7 	0
KRLetter 	 dot-jump 	 False 	 71 	 D 	 1024 	 768 	 1.16079767166 	 44.445 	 66.667 	 16 	 4.10403952609 	 -4.10403952609 	 0.0 	 -5.80398835832 	 3.95192345251 	 -4.06483555116 	 False 	 12 	 10 	6 	9 	1 	11 	19 	12 	15 	10 	21 	23 	13 	22 	16 	17 	18 	5 	20 	8 	7 	14 	2 	3 	24 	4 	0
KRLetter 	 dot-jump 	 False 	 72 	 D 	 1024 	 768 	 1.16079767166 	 44.445 	 66.667 	 10 	 -4.10403952609 	 -4.10403952609 	 -5.60622225078 	 -1.50218272469 	 -4.06483555116 	 -4.1777476498 	 False 	 3 	 10 	9 	21 	14 	10 	4 	20 	17 	15 	1 	12 	8 	18 	16 	6 	7 	22 	2 	3 	5 	23 	13 	11 	24 	19 	0
KRLetter 	 dot-jump 	 False 	 73 	 D 	 1024 	 768 	 1.16079767166 	 44.445 	 66.667 	 3 	 -2.90199417916 	 5.02640136157 	 -4.10403952609 	 -4.10403952609 	 -2.89807719851 	 5.11868180516 	 False 	 21 	 10 	5 	6 	20 	2 	19 	4 	12 	16 	14 	24 	10 	1 	21 	22 	7 	9 	11 	17 	18 	23 	13 	3 	8 	15 	0
KRLetter 	 dot-jump 	 False 	 74 	 D 	 1024 	 768 	 1.16079767166 	 44.445 	 66.667 	 10 	 -4.10403952609 	 -4.10403952609 	 -4.10403952609 	 -4.10403952609 	 -4.21538501602 	 -4.25302238223 	 True 	 10 	 10 	2 	7 	23 	12 	6 	11 	15 	14 	9 	4 	10 	19 	13 	21 	18 	8 	20 	16 	17 	5 	24 	3 	1 	22 	0
KRLetter 	 dot-jump 	 False 	 75 	 D 	 1024 	 768 	 1.16079767166 	 44.445 	 66.667 	 9 	 -5.02640136157 	 -2.90199417916 	 4.10403952609 	 -4.10403952609 	 -5.26923127002 	 -2.8604398323 	 False 	 8 	 10 	8 	24 	17 	1 	23 	21 	3 	12 	9 	5 	16 	7 	6 	20 	18 	10 	4 	2 	19 	22 	11 	15 	14 	13 	0
KRLetter 	 dot-jump 	 False 	 76 	 D 	 1024 	 768 	 1.16079767166 	 44.445 	 66.667 	 15 	 2.90199417916 	 -5.02640136157 	 -1.50218272469 	 -5.60622225078 	 3.01098929715 	 -5.04340707273 	 False 	 18 	 10 	5 	17 	24 	22 	18 	13 	21 	23 	11 	2 	12 	14 	1 	16 	4 	7 	19 	6 	15 	10 	20 	8 	3 	9 	0
KRLetter 	 dot-jump 	 False 	 77 	 D 	 1024 	 768 	 1.16079767166 	 44.445 	 66.667 	 4 	 -4.10403952609 	 4.10403952609 	 4.10403952609 	 -4.10403952609 	 -4.29065974844 	 4.02719818494 	 False 	 11 	 10 	2 	11 	14 	23 	7 	20 	1 	9 	15 	5 	16 	4 	17 	10 	12 	22 	19 	24 	18 	8 	6 	13 	3 	21 	0
KRLetter 	 dot-jump 	 False 	 78 	 D 	 1024 	 768 	 1.16079767166 	 44.445 	 66.667 	 23 	 2.90199417916 	 5.02640136157 	 0.0 	 -5.80398835832 	 2.82280246608 	 4.77994550923 	 False 	 11 	 10 	2 	12 	22 	1 	18 	14 	5 	11 	8 	3 	13 	23 	24 	19 	9 	21 	16 	6 	10 	7 	15 	4 	17 	20 	0
KRLetter 	 dot-jump 	 False 	 79 	 D 	 1024 	 768 	 1.16079767166 	 44.445 	 66.667 	 4 	 -4.10403952609 	 4.10403952609 	 -1.50218272469 	 5.60622225078 	 -4.29065974844 	 4.21538501602 	 False 	 4 	 10 	8 	12 	11 	19 	4 	3 	14 	1 	23 	6 	2 	13 	5 	10 	18 	21 	22 	17 	20 	24 	9 	7 	15 	16 	0
KRLetter 	 dot-jump 	 False 	 80 	 D 	 1024 	 768 	 1.16079767166 	 44.445 	 66.667 	 15 	 2.90199417916 	 -5.02640136157 	 -4.10403952609 	 -4.10403952609 	 3.08626402958 	 -5.19395653759 	 False 	 2 	 10 	11 	7 	15 	16 	12 	22 	23 	6 	18 	14 	10 	5 	9 	20 	21 	8 	24 	13 	19 	1 	4 	17 	3 	2 	0
KRLetter 	 dot-jump 	 False 	 81 	 D 	 1024 	 768 	 1.16079767166 	 44.445 	 66.667 	 10 	 -4.10403952609 	 -4.10403952609 	 -5.02640136157 	 -2.90199417916 	 -4.1777476498 	 -4.25302238223 	 False 	 22 	 10 	22 	7 	16 	13 	3 	5 	11 	20 	12 	15 	9 	1 	8 	18 	4 	19 	14 	6 	21 	17 	24 	23 	10 	2 	0
KRLetter 	 dot-jump 	 False 	 82 	 D 	 1024 	 768 	 1.16079767166 	 44.445 	 66.667 	 23 	 2.90199417916 	 5.02640136157 	 2.90199417916 	 -5.02640136157 	 2.97335193094 	 5.00576970652 	 False 	 12 	 10 	2 	22 	13 	16 	11 	19 	7 	10 	5 	24 	15 	1 	23 	6 	12 	4 	3 	18 	14 	20 	17 	9 	21 	8 	0
KRLetter 	 dot-jump 	 False 	 83 	 D 	 1024 	 768 	 1.16079767166 	 44.445 	 66.667 	 3 	 -2.90199417916 	 5.02640136157 	 -5.60622225078 	 -1.50218272469 	 -2.82280246608 	 5.30686863623 	 False 	 7 	 10 	10 	15 	20 	24 	7 	16 	1 	3 	13 	9 	8 	6 	19 	18 	23 	12 	17 	2 	11 	14 	22 	21 	4 	5 	0
KRLetter 	 dot-jump 	 False 	 84 	 D 	 1024 	 768 	 1.16079767166 	 44.445 	 66.667 	 14 	 1.50218272469 	 -5.60622225078 	 -5.80398835832 	 0.0 	 1.35494518372 	 -5.34450600245 	 False 	 16 	 10 	4 	5 	18 	20 	15 	21 	12 	24 	10 	17 	7 	13 	3 	2 	8 	11 	14 	19 	1 	9 	23 	6 	16 	22 	0
KRLetter 	 dot-jump 	 False 	 85 	 D 	 1024 	 768 	 1.16079767166 	 44.445 	 66.667 	 22 	 4.10403952609 	 4.10403952609 	 5.60622225078 	 1.50218272469 	 4.02719818494 	 4.1777476498 	 False 	 4 	 10 	13 	18 	16 	12 	22 	9 	2 	1 	21 	7 	20 	8 	24 	14 	19 	4 	6 	11 	15 	17 	23 	5 	10 	3 	0
KRLetter 	 dot-jump 	 False 	 86 	 D 	 1024 	 768 	 1.16079767166 	 44.445 	 66.667 	 22 	 4.10403952609 	 4.10403952609 	 5.02640136157 	 -2.90199417916 	 3.95192345251 	 3.95192345251 	 False 	 9 	 10 	18 	2 	4 	15 	6 	7 	23 	9 	21 	22 	17 	16 	10 	13 	8 	24 	3 	20 	14 	5 	12 	19 	11 	1 	0
KRLetter 	 dot-jump 	 False 	 87 	 D 	 1024 	 768 	 1.16079767166 	 44.445 	 66.667 	 11 	 -2.90199417916 	 -5.02640136157 	 -5.02640136157 	 -2.90199417916 	 -3.1239013958 	 -5.34450600245 	 False 	 13 	 10 	12 	1 	14 	17 	20 	3 	5 	7 	21 	10 	9 	19 	16 	11 	18 	4 	2 	22 	23 	13 	6 	24 	15 	8 	0
KRLetter 	 dot-jump 	 False 	 88 	 D 	 1024 	 768 	 1.16079767166 	 44.445 	 66.667 	 4 	 -4.10403952609 	 4.10403952609 	 -2.90199417916 	 -5.02640136157 	 -4.14011028359 	 3.83901135387 	 False 	 18 	 10 	7 	13 	2 	6 	19 	12 	17 	5 	10 	24 	11 	22 	23 	8 	21 	15 	3 	9 	4 	18 	14 	16 	20 	1 	0
KRLetter 	 dot-jump 	 False 	 89 	 D 	 1024 	 768 	 1.16079767166 	 44.445 	 66.667 	 17 	 5.02640136157 	 -2.90199417916 	 -1.50218272469 	 -5.60622225078 	 4.93049497409 	 -2.67225300122 	 False 	 17 	 10 	2 	11 	23 	10 	22 	24 	4 	15 	6 	20 	12 	21 	5 	19 	8 	7 	9 	17 	14 	13 	3 	18 	16 	1 	0
KRLetter 	 dot-jump 	 False 	 90 	 D 	 1024 	 768 	 1.16079767166 	 44.445 	 66.667 	 3 	 -2.90199417916 	 5.02640136157 	 -2.90199417916 	 -5.02640136157 	 -2.78516509987 	 5.19395653759 	 False 	 14 	 10 	2 	16 	1 	12 	5 	17 	7 	6 	14 	24 	11 	15 	4 	18 	3 	13 	9 	22 	20 	23 	10 	21 	8 	19 	0
KRLetter 	 dot-jump 	 False 	 91 	 D 	 1024 	 768 	 1.16079767166 	 44.445 	 66.667 	 11 	 -2.90199417916 	 -5.02640136157 	 5.60622225078 	 -1.50218272469 	 -2.93571456472 	 -5.08104443895 	 False 	 4 	 10 	12 	3 	19 	24 	11 	21 	13 	23 	9 	6 	18 	10 	2 	15 	20 	22 	16 	7 	14 	17 	8 	5 	1 	4 	0
KRLetter 	 dot-jump 	 False 	 92 	 D 	 1024 	 768 	 1.16079767166 	 44.445 	 66.667 	 2 	 -1.50218272469 	 5.60622225078 	 0.0 	 5.80398835832 	 -1.46785728236 	 5.49505546731 	 False 	 16 	 10 	18 	22 	10 	21 	3 	23 	8 	9 	6 	19 	1 	24 	11 	14 	13 	15 	2 	5 	12 	16 	4 	20 	7 	17 	0
KRLetter 	 dot-jump 	 False 	 93 	 D 	 1024 	 768 	 1.16079767166 	 44.445 	 66.667 	 17 	 5.02640136157 	 -2.90199417916 	 5.60622225078 	 1.50218272469 	 4.77994550923 	 -2.82280246608 	 False 	 14 	 10 	7 	8 	5 	10 	9 	16 	23 	24 	2 	14 	20 	15 	6 	18 	17 	21 	11 	19 	4 	22 	13 	12 	1 	3 	0
KRLetter 	 dot-jump 	 False 	 94 	 D 	 1024 	 768 	 1.16079767166 	 44.445 	 66.667 	 4 	 -4.10403952609 	 4.10403952609 	 -2.90199417916 	 5.02640136157 	 -3.9142860863 	 4.02719818494 	 False 	 17 	 10 	5 	8 	22 	12 	18 	14 	23 	6 	17 	2 	3 	11 	7 	10 	1 	20 	19 	4 	15 	16 	21 	24 	13 	9 	0
KRLetter 	 dot-jump 	 False 	 95 	 D 	 1024 	 768 	 1.16079767166 	 44.445 	 66.667 	 2 	 -1.50218272469 	 5.60622225078 	 1.50218272469 	 -5.60622225078 	 -1.61840674722 	 5.53269283352 	 False 	 15 	 10 	4 	20 	7 	22 	19 	3 	8 	23 	18 	1 	14 	17 	24 	5 	11 	2 	9 	16 	6 	15 	12 	13 	21 	10 	0
KRLetter 	 dot-jump 	 False 	 96 	 D 	 1024 	 768 	 1.16079767166 	 44.445 	 66.667 	 3 	 -2.90199417916 	 5.02640136157 	 -5.60622225078 	 1.50218272469 	 -2.63461563501 	 5.00576970652 	 False 	 7 	 10 	7 	1 	9 	10 	24 	22 	5 	3 	23 	4 	6 	18 	2 	14 	16 	12 	8 	17 	15 	11 	13 	20 	19 	21 	0
KRLetter 	 dot-jump 	 False 	 97 	 D 	 1024 	 768 	 1.16079767166 	 44.445 	 66.667 	 3 	 -2.90199417916 	 5.02640136157 	 -1.50218272469 	 5.60622225078 	 -2.8604398323 	 5.08104443895 	 False 	 2 	 10 	4 	15 	3 	17 	22 	19 	18 	16 	24 	5 	2 	7 	13 	9 	12 	10 	8 	20 	23 	11 	1 	14 	21 	6 	0
KRLetter 	 dot-jump 	 False 	 98 	 D 	 1024 	 768 	 1.16079767166 	 44.445 	 66.667 	 24 	 1.50218272469 	 5.60622225078 	 -2.90199417916 	 5.02640136157 	 1.24203308508 	 5.26923127002 	 False 	 5 	 10 	4 	17 	9 	2 	19 	24 	18 	15 	12 	16 	3 	1 	11 	22 	21 	8 	10 	14 	7 	23 	20 	13 	5 	6 	0
KRLetter 	 dot-jump 	 False 	 99 	 D 	 1024 	 768 	 1.16079767166 	 44.445 	 66.667 	 1 	 0.0 	 5.80398835832 	 5.60622225078 	 1.50218272469 	 -0.150549464858 	 5.60796756595 	 False 	 8 	 10 	11 	10 	22 	3 	6 	17 	18 	15 	1 	12 	20 	23 	7 	2 	19 	14 	9 	21 	16 	4 	5 	8 	13 	24 	0
KRLetter 	 dot-jump 	 False 	 100 	 D 	 1024 	 768 	 1.16079767166 	 44.445 	 66.667 	 3 	 -2.90199417916 	 5.02640136157 	 5.60622225078 	 -1.50218272469 	 -2.78516509987 	 5.15631917138 	 False 	 3 	 10 	13 	17 	8 	3 	15 	24 	10 	9 	14 	2 	18 	11 	7 	4 	21 	19 	16 	12 	5 	6 	23 	1 	22 	20 	0
KRLetter 	 dot-jump 	 False 	 101 	 D 	 1024 	 768 	 1.16079767166 	 44.445 	 66.667 	 22 	 4.10403952609 	 4.10403952609 	 2.90199417916 	 5.02640136157 	 4.10247291737 	 4.47884657952 	 False 	 9 	 10 	20 	18 	24 	12 	11 	9 	4 	5 	15 	22 	23 	19 	14 	10 	3 	8 	1 	17 	13 	16 	2 	7 	21 	6 	0
KRLetter 	 dot-jump 	 False 	 102 	 D 	 1024 	 768 	 1.16079767166 	 44.445 	 66.667 	 19 	 5.80398835832 	 0.0 	 4.10403952609 	 4.10403952609 	 6.02197859431 	 -0.301098929715 	 False 	 8 	 10 	17 	20 	8 	18 	6 	4 	3 	9 	19 	12 	22 	15 	21 	5 	13 	14 	2 	11 	1 	24 	23 	7 	16 	10 	0
KRLetter 	 dot-jump 	 False 	 103 	 D 	 1024 	 768 	 1.16079767166 	 44.445 	 66.667 	 3 	 -2.90199417916 	 5.02640136157 	 -2.90199417916 	 5.02640136157 	 -3.3873629593 	 4.9681323403 	 True 	 10 	 10 	23 	14 	2 	7 	16 	20 	24 	17 	4 	11 	3 	18 	13 	21 	15 	8 	10 	9 	5 	12 	6 	1 	19 	22 	0
KRLetter 	 dot-jump 	 False 	 104 	 D 	 1024 	 768 	 1.16079767166 	 44.445 	 66.667 	 24 	 1.50218272469 	 5.60622225078 	 1.50218272469 	 5.60622225078 	 1.43021991615 	 5.75851703081 	 True 	 10 	 10 	17 	8 	11 	23 	22 	18 	19 	4 	7 	2 	24 	20 	10 	5 	9 	12 	15 	14 	3 	6 	13 	1 	21 	16 	0
KRLetter 	 dot-jump 	 False 	 105 	 D 	 1024 	 768 	 1.16079767166 	 44.445 	 66.667 	 22 	 4.10403952609 	 4.10403952609 	 -5.60622225078 	 -1.50218272469 	 3.87664872009 	 4.29065974844 	 False 	 11 	 10 	9 	17 	10 	6 	15 	20 	7 	18 	16 	23 	8 	22 	21 	11 	24 	12 	2 	14 	3 	1 	4 	13 	19 	5 	0
KRLetter 	 dot-jump 	 False 	 106 	 D 	 1024 	 768 	 1.16079767166 	 44.445 	 66.667 	 4 	 -4.10403952609 	 4.10403952609 	 -4.10403952609 	 4.10403952609 	 -3.87664872009 	 3.83901135387 	 True 	 10 	 10 	3 	6 	15 	18 	8 	22 	5 	12 	19 	14 	4 	21 	2 	17 	1 	20 	23 	13 	10 	9 	16 	24 	11 	7 	0
KRLetter 	 dot-jump 	 False 	 107 	 D 	 1024 	 768 	 1.16079767166 	 44.445 	 66.667 	 3 	 -2.90199417916 	 5.02640136157 	 -1.50218272469 	 5.60622225078 	 -2.67225300122 	 5.00576970652 	 False 	 5 	 10 	9 	1 	19 	18 	23 	3 	5 	16 	12 	10 	2 	6 	17 	13 	15 	21 	22 	20 	7 	11 	4 	24 	14 	8 	0
KRLetter 	 dot-jump 	 False 	 108 	 D 	 1024 	 768 	 1.16079767166 	 44.445 	 66.667 	 10 	 -4.10403952609 	 -4.10403952609 	 1.50218272469 	 -5.60622225078 	 -4.59175867816 	 -4.25302238223 	 False 	 9 	 10 	6 	20 	1 	23 	21 	2 	18 	16 	12 	10 	14 	15 	7 	17 	5 	9 	11 	3 	4 	22 	24 	13 	19 	8 	0
KRLetter 	 dot-jump 	 False 	 109 	 D 	 1024 	 768 	 1.16079767166 	 44.445 	 66.667 	 10 	 -4.10403952609 	 -4.10403952609 	 -5.02640136157 	 -2.90199417916 	 -4.40357184709 	 -4.47884657952 	 False 	 11 	 10 	5 	24 	22 	15 	6 	18 	21 	11 	16 	1 	9 	10 	23 	14 	3 	2 	17 	12 	7 	8 	19 	13 	4 	20 	0
KRLetter 	 dot-jump 	 False 	 110 	 D 	 1024 	 768 	 1.16079767166 	 44.445 	 66.667 	 23 	 2.90199417916 	 5.02640136157 	 4.10403952609 	 4.10403952609 	 2.93571456472 	 4.74230814302 	 False 	 15 	 10 	6 	9 	10 	3 	7 	21 	16 	15 	20 	24 	22 	14 	5 	2 	8 	23 	18 	12 	17 	13 	19 	1 	4 	11 	0
KRLetter 	 dot-jump 	 False 	 111 	 D 	 1024 	 768 	 1.16079767166 	 44.445 	 66.667 	 21 	 5.02640136157 	 2.90199417916 	 -1.50218272469 	 -5.60622225078 	 5.41978073488 	 3.08626402958 	 False 	 9 	 10 	3 	1 	2 	11 	15 	13 	17 	7 	14 	21 	12 	22 	19 	6 	8 	4 	18 	5 	9 	23 	16 	24 	10 	20 	0
KRLetter 	 dot-jump 	 False 	 112 	 D 	 1024 	 768 	 1.16079767166 	 44.445 	 66.667 	 13 	 0.0 	 -5.80398835832 	 -5.60622225078 	 -1.50218272469 	 -0.263461563501 	 -5.83379176324 	 False 	 22 	 10 	16 	5 	23 	1 	14 	21 	12 	19 	10 	11 	8 	15 	3 	18 	6 	9 	4 	17 	7 	2 	22 	24 	13 	20 	0
KRLetter 	 dot-jump 	 False 	 113 	 D 	 1024 	 768 	 1.16079767166 	 44.445 	 66.667 	 10 	 -4.10403952609 	 -4.10403952609 	 4.10403952609 	 4.10403952609 	 -4.14011028359 	 -3.9142860863 	 False 	 5 	 10 	16 	18 	5 	23 	13 	10 	20 	6 	1 	9 	22 	21 	19 	17 	12 	15 	4 	8 	14 	11 	7 	24 	3 	2 	0
KRLetter 	 dot-jump 	 False 	 114 	 D 	 1024 	 768 	 1.16079767166 	 44.445 	 66.667 	 3 	 -2.90199417916 	 5.02640136157 	 1.50218272469 	 -5.60622225078 	 -2.78516509987 	 5.08104443895 	 False 	 13 	 10 	12 	24 	11 	1 	5 	13 	19 	23 	20 	4 	14 	22 	16 	3 	15 	17 	7 	2 	9 	10 	18 	8 	6 	21 	0
KRLetter 	 dot-jump 	 False 	 115 	 D 	 1024 	 768 	 1.16079767166 	 44.445 	 66.667 	 15 	 2.90199417916 	 -5.02640136157 	 -5.80398835832 	 0.0 	 3.1239013958 	 -4.89285760787 	 False 	 9 	 10 	23 	22 	6 	10 	14 	13 	17 	1 	16 	15 	7 	24 	20 	21 	2 	8 	5 	12 	4 	18 	11 	19 	3 	9 	0
KRLetter 	 dot-jump 	 False 	 116 	 D 	 1024 	 768 	 1.16079767166 	 44.445 	 66.667 	 14 	 1.50218272469 	 -5.60622225078 	 2.90199417916 	 5.02640136157 	 1.35494518372 	 -5.45741810109 	 False 	 13 	 10 	6 	24 	15 	4 	20 	12 	11 	16 	13 	19 	23 	8 	2 	14 	9 	17 	22 	1 	5 	10 	7 	18 	3 	21 	0
KRLetter 	 dot-jump 	 False 	 117 	 D 	 1024 	 768 	 1.16079767166 	 44.445 	 66.667 	 24 	 1.50218272469 	 5.60622225078 	 -5.02640136157 	 2.90199417916 	 1.69368147965 	 5.68324229838 	 False 	 12 	 10 	21 	14 	12 	20 	4 	16 	18 	1 	22 	23 	5 	13 	24 	19 	17 	6 	9 	8 	3 	11 	2 	7 	10 	15 	0
KRLetter 	 dot-jump 	 False 	 118 	 D 	 1024 	 768 	 1.16079767166 	 44.445 	 66.667 	 2 	 -1.50218272469 	 5.60622225078 	 0.0 	 5.80398835832 	 -1.43021991615 	 5.41978073488 	 False 	 8 	 10 	5 	17 	11 	18 	23 	19 	15 	12 	2 	21 	1 	10 	22 	6 	24 	16 	9 	3 	14 	4 	7 	20 	8 	13 	0
KRLetter 	 dot-jump 	 False 	 119 	 D 	 1024 	 768 	 1.16079767166 	 44.445 	 66.667 	 6 	 -5.60622225078 	 1.50218272469 	 5.80398835832 	 0.0 	 -6.02197859431 	 1.76895621208 	 False 	 12 	 10 	2 	9 	15 	10 	17 	16 	20 	21 	4 	23 	19 	5 	6 	24 	3 	11 	1 	14 	8 	7 	13 	12 	18 	22 	0
KRLetter 	 dot-jump 	 False 	 120 	 D 	 1024 	 768 	 1.16079767166 	 44.445 	 66.667 	 11 	 -2.90199417916 	 -5.02640136157 	 2.90199417916 	 5.02640136157 	 -2.78516509987 	 -5.19395653759 	 False 	 4 	 10 	22 	8 	14 	17 	11 	6 	9 	13 	3 	21 	23 	7 	19 	16 	20 	18 	15 	12 	10 	2 	1 	4 	5 	24 	0
KRLetter 	 dot-jump 	 False 	 121 	 D 	 1024 	 768 	 1.16079767166 	 44.445 	 66.667 	 23 	 2.90199417916 	 5.02640136157 	 5.02640136157 	 2.90199417916 	 3.04862666337 	 5.19395653759 	 False 	 13 	 10 	18 	17 	9 	8 	7 	10 	20 	11 	2 	1 	21 	22 	13 	23 	19 	24 	3 	12 	14 	4 	6 	15 	5 	16 	0
KRLetter 	 dot-jump 	 False 	 122 	 D 	 1024 	 768 	 1.16079767166 	 44.445 	 66.667 	 11 	 -2.90199417916 	 -5.02640136157 	 0.0 	 -5.80398835832 	 -2.89807719851 	 -5.15631917138 	 False 	 6 	 10 	3 	14 	10 	21 	20 	17 	11 	18 	5 	23 	13 	2 	7 	1 	8 	4 	15 	22 	19 	6 	9 	16 	12 	24 	0
KRLetter 	 dot-jump 	 False 	 123 	 D 	 1024 	 768 	 1.16079767166 	 44.445 	 66.667 	 9 	 -5.02640136157 	 -2.90199417916 	 -5.02640136157 	 -2.90199417916 	 -5.41978073488 	 -2.97335193094 	 True 	 10 	 10 	5 	2 	16 	6 	14 	7 	8 	24 	17 	23 	9 	20 	10 	1 	21 	22 	19 	12 	15 	11 	18 	3 	4 	13 	0
KRLetter 	 dot-jump 	 False 	 124 	 D 	 1024 	 768 	 1.16079767166 	 44.445 	 66.667 	 15 	 2.90199417916 	 -5.02640136157 	 5.02640136157 	 2.90199417916 	 2.70989036744 	 -5.68324229838 	 False 	 7 	 10 	6 	23 	19 	18 	17 	4 	9 	15 	7 	13 	21 	5 	22 	14 	2 	16 	1 	24 	11 	8 	12 	10 	20 	3 	0
KRLetter 	 dot-jump 	 False 	 125 	 D 	 1024 	 768 	 1.16079767166 	 44.445 	 66.667 	 15 	 2.90199417916 	 -5.02640136157 	 1.50218272469 	 -5.60622225078 	 3.1239013958 	 -4.66703341059 	 False 	 4 	 10 	5 	22 	11 	3 	15 	13 	18 	9 	8 	17 	14 	21 	19 	1 	20 	16 	4 	12 	24 	10 	23 	6 	2 	7 	0
KRLetter 	 dot-jump 	 False 	 126 	 D 	 1024 	 768 	 1.16079767166 	 44.445 	 66.667 	 10 	 -4.10403952609 	 -4.10403952609 	 -5.60622225078 	 -1.50218272469 	 -4.36593448087 	 -3.98956081873 	 False 	 13 	 10 	9 	12 	2 	5 	22 	3 	24 	11 	21 	19 	8 	7 	1 	10 	14 	13 	23 	15 	6 	20 	16 	17 	4 	18 	0
KRLetter 	 dot-jump 	 False 	 127 	 D 	 1024 	 768 	 1.16079767166 	 44.445 	 66.667 	 17 	 5.02640136157 	 -2.90199417916 	 5.80398835832 	 0.0 	 5.2315939038 	 -2.97335193094 	 False 	 11 	 10 	23 	7 	10 	2 	1 	5 	16 	18 	9 	21 	19 	17 	13 	12 	20 	4 	24 	11 	6 	8 	3 	22 	14 	15 	0
KRLetter 	 dot-jump 	 False 	 128 	 D 	 1024 	 768 	 1.16079767166 	 44.445 	 66.667 	 9 	 -5.02640136157 	 -2.90199417916 	 0.0 	 5.80398835832 	 -4.62939604437 	 -3.08626402958 	 False 	 11 	 10 	19 	2 	17 	18 	5 	14 	16 	8 	6 	13 	1 	9 	24 	20 	23 	21 	22 	11 	12 	3 	7 	4 	10 	15 	0
KRLetter 	 dot-jump 	 False 	 129 	 D 	 1024 	 768 	 1.16079767166 	 44.445 	 66.667 	 11 	 -2.90199417916 	 -5.02640136157 	 -4.10403952609 	 -4.10403952609 	 -3.04862666337 	 -4.93049497409 	 False 	 18 	 10 	7 	17 	14 	19 	9 	16 	1 	15 	20 	2 	10 	4 	5 	13 	22 	8 	21 	24 	11 	6 	18 	12 	23 	3 	0
KRLetter 	 dot-jump 	 False 	 130 	 D 	 1024 	 768 	 1.16079767166 	 44.445 	 66.667 	 9 	 -5.02640136157 	 -2.90199417916 	 -5.60622225078 	 -1.50218272469 	 -5.15631917138 	 -3.1239013958 	 False 	 19 	 10 	6 	22 	15 	23 	16 	20 	21 	18 	13 	5 	8 	17 	1 	10 	4 	12 	7 	2 	14 	9 	11 	19 	24 	3 	0
KRLetter 	 dot-jump 	 False 	 131 	 D 	 1024 	 768 	 1.16079767166 	 44.445 	 66.667 	 3 	 -2.90199417916 	 5.02640136157 	 -1.50218272469 	 5.60622225078 	 -3.23681349444 	 5.08104443895 	 False 	 17 	 10 	4 	18 	22 	21 	8 	11 	23 	14 	7 	16 	2 	20 	10 	24 	1 	15 	12 	3 	17 	9 	5 	19 	6 	13 	0
KRLetter 	 dot-jump 	 False 	 132 	 D 	 1024 	 768 	 1.16079767166 	 44.445 	 66.667 	 6 	 -5.60622225078 	 1.50218272469 	 5.80398835832 	 0.0 	 -5.90906649566 	 1.58076938101 	 False 	 11 	 10 	21 	17 	3 	16 	14 	11 	12 	9 	10 	8 	19 	6 	24 	18 	13 	23 	20 	22 	5 	15 	2 	1 	7 	4 	0
KRLetter 	 dot-jump 	 False 	 133 	 D 	 1024 	 768 	 1.16079767166 	 44.445 	 66.667 	 20 	 5.60622225078 	 1.50218272469 	 -5.80398835832 	 0.0 	 5.41978073488 	 1.58076938101 	 False 	 9 	 10 	13 	8 	3 	22 	18 	10 	17 	15 	1 	20 	7 	19 	12 	21 	5 	16 	23 	14 	6 	4 	11 	2 	24 	9 	0
KRLetter 	 dot-jump 	 False 	 134 	 D 	 1024 	 768 	 1.16079767166 	 44.445 	 66.667 	 11 	 -2.90199417916 	 -5.02640136157 	 4.10403952609 	 -4.10403952609 	 -3.04862666337 	 -5.30686863623 	 False 	 9 	 10 	1 	21 	13 	18 	14 	23 	5 	10 	9 	11 	16 	24 	4 	15 	12 	2 	8 	17 	7 	20 	22 	6 	19 	3 	0
KRLetter 	 dot-jump 	 False 	 135 	 D 	 1024 	 768 	 1.16079767166 	 44.445 	 66.667 	 4 	 -4.10403952609 	 4.10403952609 	 5.60622225078 	 1.50218272469 	 -3.83901135387 	 4.06483555116 	 False 	 9 	 10 	8 	10 	14 	13 	24 	17 	7 	5 	23 	4 	20 	16 	11 	1 	15 	9 	19 	2 	18 	22 	6 	12 	3 	21 	0
KRLetter 	 dot-jump 	 False 	 136 	 D 	 1024 	 768 	 1.16079767166 	 44.445 	 66.667 	 16 	 4.10403952609 	 -4.10403952609 	 1.50218272469 	 -5.60622225078 	 3.9142860863 	 -3.95192345251 	 False 	 9 	 10 	2 	6 	21 	4 	9 	24 	11 	8 	7 	16 	14 	15 	10 	18 	22 	13 	5 	1 	23 	12 	20 	17 	19 	3 	0
KRLetter 	 dot-jump 	 False 	 137 	 D 	 1024 	 768 	 1.16079767166 	 44.445 	 66.667 	 4 	 -4.10403952609 	 4.10403952609 	 4.10403952609 	 4.10403952609 	 -4.29065974844 	 4.25302238223 	 False 	 9 	 10 	17 	14 	12 	20 	10 	3 	18 	2 	15 	4 	22 	16 	24 	8 	21 	23 	6 	5 	13 	19 	1 	7 	11 	9 	0
KRLetter 	 dot-jump 	 False 	 138 	 D 	 1024 	 768 	 1.16079767166 	 44.445 	 66.667 	 18 	 5.60622225078 	 -1.50218272469 	 -5.60622225078 	 1.50218272469 	 5.83379176324 	 -1.54313201479 	 False 	 11 	 10 	3 	20 	7 	17 	16 	8 	24 	4 	23 	15 	6 	18 	9 	13 	22 	5 	12 	2 	19 	1 	14 	11 	21 	10 	0
KRLetter 	 dot-jump 	 False 	 139 	 D 	 1024 	 768 	 1.16079767166 	 44.445 	 66.667 	 9 	 -5.02640136157 	 -2.90199417916 	 1.50218272469 	 -5.60622225078 	 -4.93049497409 	 -3.42500032551 	 False 	 16 	 10 	4 	8 	18 	11 	21 	6 	12 	17 	16 	19 	14 	1 	10 	23 	5 	15 	9 	13 	3 	22 	20 	24 	7 	2 	0
KRLetter 	 dot-jump 	 False 	 140 	 D 	 1024 	 768 	 1.16079767166 	 44.445 	 66.667 	 22 	 4.10403952609 	 4.10403952609 	 2.90199417916 	 5.02640136157 	 3.95192345251 	 4.10247291737 	 False 	 9 	 10 	16 	18 	8 	1 	4 	21 	3 	7 	11 	22 	23 	17 	5 	12 	2 	19 	24 	15 	6 	9 	20 	13 	10 	14 	0
KRLetter 	 dot-jump 	 False 	 141 	 D 	 1024 	 768 	 1.16079767166 	 44.445 	 66.667 	 9 	 -5.02640136157 	 -2.90199417916 	 -2.90199417916 	 5.02640136157 	 -4.9681323403 	 -2.8604398323 	 False 	 3 	 10 	20 	24 	5 	9 	18 	23 	4 	8 	13 	7 	3 	22 	15 	17 	11 	14 	6 	2 	1 	10 	16 	21 	12 	19 	0
KRLetter 	 dot-jump 	 False 	 142 	 D 	 1024 	 768 	 1.16079767166 	 44.445 	 66.667 	 16 	 4.10403952609 	 -4.10403952609 	 4.10403952609 	 -4.10403952609 	 4.21538501602 	 -4.02719818494 	 True 	 10 	 10 	7 	1 	10 	2 	14 	8 	12 	15 	19 	22 	16 	23 	21 	13 	18 	11 	4 	9 	24 	17 	3 	6 	20 	5 	0
KRLetter 	 dot-jump 	 False 	 143 	 D 	 1024 	 768 	 1.16079767166 	 44.445 	 66.667 	 10 	 -4.10403952609 	 -4.10403952609 	 -4.10403952609 	 -4.10403952609 	 -3.98956081873 	 -3.9142860863 	 True 	 10 	 10 	14 	5 	11 	12 	7 	17 	2 	16 	13 	3 	10 	23 	4 	9 	1 	21 	24 	15 	6 	22 	8 	19 	20 	18 	0
KRLetter 	 dot-jump 	 False 	 144 	 D 	 1024 	 768 	 1.16079767166 	 44.445 	 66.667 	 15 	 2.90199417916 	 -5.02640136157 	 -5.60622225078 	 1.50218272469 	 2.78516509987 	 -4.51648394573 	 False 	 7 	 10 	16 	20 	4 	10 	18 	23 	12 	15 	2 	8 	6 	5 	24 	1 	21 	22 	14 	9 	17 	7 	19 	3 	13 	11 	0
KRLetter 	 dot-jump 	 False 	 145 	 D 	 1024 	 768 	 1.16079767166 	 44.445 	 66.667 	 10 	 -4.10403952609 	 -4.10403952609 	 -4.10403952609 	 -4.10403952609 	 -4.02719818494 	 -4.51648394573 	 True 	 10 	 10 	21 	9 	15 	2 	14 	23 	22 	24 	1 	13 	10 	17 	4 	6 	18 	11 	12 	8 	3 	19 	16 	20 	5 	7 	0
KRLetter 	 dot-jump 	 False 	 146 	 D 	 1024 	 768 	 1.16079767166 	 44.445 	 66.667 	 9 	 -5.02640136157 	 -2.90199417916 	 -2.90199417916 	 5.02640136157 	 -5.11868180516 	 -2.82280246608 	 False 	 23 	 10 	16 	14 	24 	10 	15 	18 	12 	4 	17 	19 	3 	22 	8 	2 	13 	21 	23 	5 	7 	20 	6 	11 	1 	9 	0
KRLetter 	 dot-jump 	 False 	 147 	 D 	 1024 	 768 	 1.16079767166 	 44.445 	 66.667 	 20 	 5.60622225078 	 1.50218272469 	 -1.50218272469 	 -5.60622225078 	 5.83379176324 	 1.3173078175 	 False 	 11 	 10 	6 	17 	10 	9 	4 	7 	22 	1 	13 	19 	12 	20 	2 	5 	24 	21 	16 	18 	15 	14 	11 	8 	3 	23 	0
KRLetter 	 dot-jump 	 False 	 148 	 D 	 1024 	 768 	 1.16079767166 	 44.445 	 66.667 	 16 	 4.10403952609 	 -4.10403952609 	 4.10403952609 	 -4.10403952609 	 4.29065974844 	 -4.29065974844 	 True 	 10 	 10 	18 	6 	2 	11 	13 	10 	20 	15 	8 	5 	16 	23 	1 	19 	3 	14 	12 	21 	7 	9 	4 	22 	17 	24 	0
KRLetter 	 dot-jump 	 False 	 149 	 D 	 1024 	 768 	 1.16079767166 	 44.445 	 66.667 	 12 	 -1.50218272469 	 -5.60622225078 	 -5.60622225078 	 1.50218272469 	 -1.69368147965 	 -5.68324229838 	 False 	 11 	 10 	11 	24 	17 	10 	2 	23 	9 	16 	15 	3 	6 	12 	5 	7 	8 	4 	18 	19 	20 	1 	14 	22 	21 	13 	0
KRLetter 	 dot-jump 	 False 	 150 	 D 	 1024 	 768 	 1.16079767166 	 44.445 	 66.667 	 17 	 5.02640136157 	 -2.90199417916 	 4.10403952609 	 -4.10403952609 	 4.7046707768 	 -2.93571456472 	 False 	 13 	 10 	22 	1 	20 	13 	8 	19 	15 	21 	2 	23 	16 	11 	12 	17 	9 	18 	24 	3 	6 	14 	4 	5 	7 	10 	0
KRLetter 	 dot-jump 	 False 	 151 	 D 	 1024 	 768 	 1.16079767166 	 44.445 	 66.667 	 12 	 -1.50218272469 	 -5.60622225078 	 2.90199417916 	 -5.02640136157 	 -1.3173078175 	 -5.45741810109 	 False 	 8 	 10 	13 	22 	21 	14 	8 	20 	3 	11 	12 	17 	15 	23 	2 	7 	24 	16 	10 	19 	9 	18 	1 	5 	4 	6 	0
KRLetter 	 dot-jump 	 False 	 152 	 D 	 1024 	 768 	 1.16079767166 	 44.445 	 66.667 	 11 	 -2.90199417916 	 -5.02640136157 	 -2.90199417916 	 -5.02640136157 	 -3.27445086065 	 -5.53269283352 	 True 	 10 	 10 	14 	10 	18 	1 	17 	5 	13 	9 	8 	22 	11 	23 	24 	4 	2 	16 	3 	12 	6 	21 	20 	15 	7 	19 	0
KRLetter 	 dot-jump 	 False 	 153 	 D 	 1024 	 768 	 1.16079767166 	 44.445 	 66.667 	 9 	 -5.02640136157 	 -2.90199417916 	 -1.50218272469 	 -5.60622225078 	 -4.74230814302 	 -2.89807719851 	 False 	 11 	 10 	1 	20 	7 	24 	23 	11 	6 	2 	8 	18 	12 	9 	14 	3 	4 	21 	10 	22 	13 	17 	15 	5 	16 	19 	0
KRLetter 	 dot-jump 	 False 	 154 	 D 	 1024 	 768 	 1.16079767166 	 44.445 	 66.667 	 11 	 -2.90199417916 	 -5.02640136157 	 -4.10403952609 	 -4.10403952609 	 -3.19917612823 	 -5.15631917138 	 False 	 13 	 10 	18 	14 	5 	22 	19 	16 	12 	2 	23 	20 	10 	7 	4 	11 	13 	15 	24 	3 	6 	21 	1 	8 	17 	9 	0
KRLetter 	 dot-jump 	 False 	 155 	 D 	 1024 	 768 	 1.16079767166 	 44.445 	 66.667 	 22 	 4.10403952609 	 4.10403952609 	 0.0 	 -5.80398835832 	 3.9142860863 	 4.02719818494 	 False 	 4 	 10 	24 	5 	7 	20 	22 	17 	6 	3 	1 	21 	13 	4 	15 	10 	18 	23 	14 	19 	9 	16 	2 	8 	12 	11 	0
KRLetter 	 dot-jump 	 False 	 156 	 D 	 1024 	 768 	 1.16079767166 	 44.445 	 66.667 	 16 	 4.10403952609 	 -4.10403952609 	 5.80398835832 	 0.0 	 3.83901135387 	 -4.21538501602 	 False 	 12 	 10 	21 	14 	17 	18 	6 	20 	2 	13 	23 	5 	19 	12 	16 	7 	22 	10 	8 	15 	24 	4 	3 	9 	1 	11 	0
KRLetter 	 dot-jump 	 False 	 157 	 D 	 1024 	 768 	 1.16079767166 	 44.445 	 66.667 	 9 	 -5.02640136157 	 -2.90199417916 	 5.80398835832 	 0.0 	 -5.04340707273 	 -2.97335193094 	 False 	 9 	 10 	11 	20 	2 	1 	21 	14 	4 	13 	12 	9 	19 	6 	17 	3 	10 	7 	5 	23 	15 	22 	24 	18 	8 	16 	0
KRLetter 	 dot-jump 	 False 	 158 	 D 	 1024 	 768 	 1.16079767166 	 44.445 	 66.667 	 4 	 -4.10403952609 	 4.10403952609 	 0.0 	 5.80398835832 	 -3.83901135387 	 4.25302238223 	 False 	 12 	 10 	24 	2 	3 	22 	15 	20 	5 	21 	18 	7 	1 	11 	4 	9 	13 	12 	8 	6 	23 	16 	14 	19 	17 	10 	0
KRLetter 	 dot-jump 	 False 	 159 	 D 	 1024 	 768 	 1.16079767166 	 44.445 	 66.667 	 10 	 -4.10403952609 	 -4.10403952609 	 -2.90199417916 	 -5.02640136157 	 -4.32829711466 	 -4.06483555116 	 False 	 22 	 10 	24 	1 	21 	20 	9 	5 	4 	16 	7 	19 	11 	17 	18 	8 	14 	23 	15 	22 	2 	3 	13 	12 	10 	6 	0
KRLetter 	 dot-jump 	 False 	 160 	 D 	 1024 	 768 	 1.16079767166 	 44.445 	 66.667 	 15 	 2.90199417916 	 -5.02640136157 	 5.60622225078 	 1.50218272469 	 3.19917612823 	 -4.85522024166 	 False 	 4 	 10 	13 	14 	5 	18 	15 	1 	3 	2 	24 	21 	20 	11 	23 	12 	17 	10 	22 	8 	7 	6 	9 	19 	4 	16 	0
KRLetter 	 dot-jump 	 False 	 161 	 D 	 1024 	 768 	 1.16079767166 	 44.445 	 66.667 	 21 	 5.02640136157 	 2.90199417916 	 -4.10403952609 	 4.10403952609 	 4.81758287545 	 3.04862666337 	 False 	 0 	 10 	21 	18 	23 	3 	13 	15 	8 	24 	7 	22 	4 	5 	17 	1 	20 	12 	11 	6 	10 	16 	2 	9 	14 	19 	0
KRLetter 	 dot-jump 	 False 	 162 	 D 	 1024 	 768 	 1.16079767166 	 44.445 	 66.667 	 10 	 -4.10403952609 	 -4.10403952609 	 5.80398835832 	 0.0 	 -3.83901135387 	 -4.29065974844 	 False 	 14 	 10 	8 	1 	11 	20 	18 	4 	14 	12 	23 	15 	19 	6 	21 	16 	10 	22 	24 	5 	7 	3 	17 	2 	9 	13 	0
KRLetter 	 dot-jump 	 False 	 163 	 D 	 1024 	 768 	 1.16079767166 	 44.445 	 66.667 	 15 	 2.90199417916 	 -5.02640136157 	 0.0 	 5.80398835832 	 3.46263769173 	 -5.15631917138 	 False 	 11 	 10 	16 	20 	2 	6 	7 	3 	22 	5 	4 	14 	1 	15 	23 	12 	21 	18 	19 	24 	8 	13 	17 	11 	10 	9 	0
KRLetter 	 dot-jump 	 False 	 164 	 D 	 1024 	 768 	 1.16079767166 	 44.445 	 66.667 	 8 	 -5.60622225078 	 -1.50218272469 	 -5.60622225078 	 1.50218272469 	 -5.34450600245 	 -1.46785728236 	 False 	 12 	 10 	24 	22 	14 	10 	18 	20 	13 	9 	2 	4 	6 	15 	8 	17 	1 	21 	19 	23 	16 	12 	11 	3 	7 	5 	0
KRLetter 	 dot-jump 	 False 	 165 	 D 	 1024 	 768 	 1.16079767166 	 44.445 	 66.667 	 10 	 -4.10403952609 	 -4.10403952609 	 5.60622225078 	 -1.50218272469 	 -3.9142860863 	 -3.95192345251 	 False 	 6 	 10 	22 	21 	16 	13 	8 	15 	10 	9 	6 	2 	18 	14 	20 	19 	12 	23 	17 	4 	11 	3 	1 	7 	24 	5 	0
KRLetter 	 dot-jump 	 False 	 166 	 D 	 1024 	 768 	 1.16079767166 	 44.445 	 66.667 	 4 	 -4.10403952609 	 4.10403952609 	 -2.90199417916 	 5.02640136157 	 -4.21538501602 	 3.98956081873 	 False 	 16 	 10 	12 	24 	2 	22 	1 	18 	23 	19 	14 	11 	3 	5 	15 	10 	20 	9 	4 	8 	16 	21 	6 	13 	17 	7 	0
KRLetter 	 dot-jump 	 False 	 167 	 D 	 1024 	 768 	 1.16079767166 	 44.445 	 66.667 	 17 	 5.02640136157 	 -2.90199417916 	 4.10403952609 	 4.10403952609 	 5.04340707273 	 -2.8604398323 	 False 	 8 	 10 	23 	16 	14 	18 	3 	2 	21 	1 	17 	13 	22 	9 	24 	6 	7 	10 	15 	11 	5 	19 	12 	20 	8 	4 	0
KRLetter 	 dot-jump 	 False 	 168 	 D 	 1024 	 768 	 1.16079767166 	 44.445 	 66.667 	 10 	 -4.10403952609 	 -4.10403952609 	 -1.50218272469 	 5.60622225078 	 -4.51648394573 	 -4.40357184709 	 False 	 12 	 10 	5 	7 	24 	22 	13 	17 	9 	23 	8 	1 	2 	12 	10 	14 	21 	6 	19 	11 	18 	15 	20 	3 	4 	16 	0
KRLetter 	 dot-jump 	 False 	 169 	 D 	 1024 	 768 	 1.16079767166 	 44.445 	 66.667 	 11 	 -2.90199417916 	 -5.02640136157 	 -4.10403952609 	 -4.10403952609 	 -2.93571456472 	 -4.62939604437 	 False 	 3 	 10 	6 	19 	14 	11 	20 	8 	12 	23 	1 	24 	10 	7 	9 	21 	16 	22 	5 	4 	15 	17 	3 	13 	2 	18 	0
KRLetter 	 dot-jump 	 False 	 170 	 D 	 1024 	 768 	 1.16079767166 	 44.445 	 66.667 	 23 	 2.90199417916 	 5.02640136157 	 0.0 	 5.80398835832 	 2.8604398323 	 4.66703341059 	 False 	 15 	 10 	4 	22 	19 	3 	18 	24 	17 	13 	10 	15 	1 	14 	7 	9 	6 	23 	11 	20 	16 	12 	5 	21 	8 	2 	0
KRLetter 	 dot-jump 	 False 	 171 	 D 	 1024 	 768 	 1.16079767166 	 44.445 	 66.667 	 21 	 5.02640136157 	 2.90199417916 	 -2.90199417916 	 -5.02640136157 	 5.11868180516 	 3.23681349444 	 False 	 0 	 10 	21 	15 	9 	6 	22 	20 	8 	16 	18 	17 	11 	3 	5 	1 	14 	24 	23 	7 	12 	19 	4 	10 	13 	2 	0
KRLetter 	 dot-jump 	 False 	 172 	 D 	 1024 	 768 	 1.16079767166 	 44.445 	 66.667 	 2 	 -1.50218272469 	 5.60622225078 	 -5.60622225078 	 1.50218272469 	 -1.46785728236 	 5.26923127002 	 False 	 9 	 10 	3 	19 	12 	4 	14 	22 	20 	10 	13 	2 	6 	24 	11 	1 	18 	23 	8 	16 	17 	15 	9 	7 	21 	5 	0
KRLetter 	 dot-jump 	 False 	 173 	 D 	 1024 	 768 	 1.16079767166 	 44.445 	 66.667 	 5 	 -5.02640136157 	 2.90199417916 	 -5.60622225078 	 1.50218272469 	 -4.89285760787 	 2.74752773365 	 False 	 8 	 10 	23 	19 	17 	21 	1 	7 	8 	4 	5 	13 	6 	16 	18 	12 	22 	15 	10 	20 	2 	9 	11 	3 	14 	24 	0
KRLetter 	 dot-jump 	 False 	 174 	 D 	 1024 	 768 	 1.16079767166 	 44.445 	 66.667 	 5 	 -5.02640136157 	 2.90199417916 	 -4.10403952609 	 -4.10403952609 	 -5.15631917138 	 2.78516509987 	 False 	 13 	 10 	19 	8 	21 	20 	2 	9 	13 	1 	17 	7 	10 	4 	12 	5 	18 	16 	23 	24 	6 	11 	3 	15 	14 	22 	0
KRLetter 	 dot-jump 	 False 	 175 	 D 	 1024 	 768 	 1.16079767166 	 44.445 	 66.667 	 10 	 -4.10403952609 	 -4.10403952609 	 -4.10403952609 	 -4.10403952609 	 -4.32829711466 	 -4.40357184709 	 True 	 10 	 10 	20 	21 	12 	19 	3 	4 	14 	11 	15 	7 	10 	18 	2 	8 	16 	13 	23 	17 	5 	24 	22 	1 	6 	9 	0
KRLetter 	 dot-jump 	 False 	 176 	 D 	 1024 	 768 	 1.16079767166 	 44.445 	 66.667 	 12 	 -1.50218272469 	 -5.60622225078 	 4.10403952609 	 4.10403952609 	 -1.58076938101 	 -5.90906649566 	 False 	 9 	 10 	15 	19 	5 	1 	13 	6 	3 	14 	20 	12 	22 	7 	10 	4 	21 	2 	11 	24 	17 	16 	8 	23 	9 	18 	0
KRLetter 	 dot-jump 	 False 	 177 	 D 	 1024 	 768 	 1.16079767166 	 44.445 	 66.667 	 9 	 -5.02640136157 	 -2.90199417916 	 -5.02640136157 	 2.90199417916 	 -4.47884657952 	 -3.31208822687 	 False 	 9 	 10 	14 	20 	21 	12 	13 	11 	24 	6 	10 	9 	5 	1 	22 	3 	2 	17 	7 	19 	8 	16 	18 	4 	23 	15 	0
KRLetter 	 dot-jump 	 False 	 178 	 D 	 1024 	 768 	 1.16079767166 	 44.445 	 66.667 	 19 	 5.80398835832 	 0.0 	 1.50218272469 	 5.60622225078 	 5.57033019973 	 -0.225824197287 	 False 	 9 	 10 	15 	21 	14 	17 	3 	5 	20 	2 	1 	19 	24 	8 	10 	12 	18 	9 	4 	6 	11 	23 	7 	16 	22 	13 	0
KRLetter 	 dot-jump 	 False 	 179 	 D 	 1024 	 768 	 1.16079767166 	 44.445 	 66.667 	 18 	 5.60622225078 	 -1.50218272469 	 4.10403952609 	 -4.10403952609 	 5.38214336866 	 -1.73131884586 	 False 	 7 	 10 	24 	1 	11 	8 	4 	10 	15 	18 	23 	13 	16 	20 	7 	3 	22 	14 	21 	12 	6 	9 	2 	19 	5 	17 	0
KRLetter 	 dot-jump 	 False 	 180 	 D 	 1024 	 768 	 1.16079767166 	 44.445 	 66.667 	 15 	 2.90199417916 	 -5.02640136157 	 5.80398835832 	 0.0 	 2.93571456472 	 -5.11868180516 	 False 	 12 	 10 	8 	6 	23 	18 	22 	12 	11 	5 	16 	14 	19 	13 	15 	1 	17 	2 	4 	24 	7 	20 	10 	3 	9 	21 	0
KRLetter 	 dot-jump 	 False 	 181 	 D 	 1024 	 768 	 1.16079767166 	 44.445 	 66.667 	 9 	 -5.02640136157 	 -2.90199417916 	 -5.60622225078 	 1.50218272469 	 -4.51648394573 	 -3.08626402958 	 False 	 9 	 10 	20 	24 	23 	21 	3 	5 	14 	8 	7 	9 	6 	13 	22 	11 	4 	19 	15 	16 	1 	10 	17 	2 	12 	18 	0
KRLetter 	 dot-jump 	 False 	 182 	 D 	 1024 	 768 	 1.16079767166 	 44.445 	 66.667 	 3 	 -2.90199417916 	 5.02640136157 	 -1.50218272469 	 5.60622225078 	 -2.55934090258 	 5.26923127002 	 False 	 18 	 10 	5 	11 	17 	13 	19 	24 	8 	18 	12 	1 	2 	16 	15 	22 	21 	9 	20 	4 	3 	23 	10 	14 	7 	6 	0
KRLetter 	 dot-jump 	 False 	 183 	 D 	 1024 	 768 	 1.16079767166 	 44.445 	 66.667 	 20 	 5.60622225078 	 1.50218272469 	 5.02640136157 	 2.90199417916 	 5.38214336866 	 1.91950567694 	 False 	 18 	 10 	10 	24 	2 	7 	16 	14 	17 	8 	22 	12 	21 	11 	5 	9 	4 	18 	3 	1 	20 	13 	15 	19 	6 	23 	0
KRLetter 	 dot-jump 	 False 	 184 	 D 	 1024 	 768 	 1.16079767166 	 44.445 	 66.667 	 4 	 -4.10403952609 	 4.10403952609 	 -2.90199417916 	 5.02640136157 	 -4.25302238223 	 4.02719818494 	 False 	 16 	 10 	7 	22 	15 	5 	18 	20 	14 	1 	9 	6 	3 	11 	2 	21 	16 	23 	4 	24 	8 	12 	13 	19 	17 	10 	0
KRLetter 	 dot-jump 	 False 	 185 	 D 	 1024 	 768 	 1.16079767166 	 44.445 	 66.667 	 17 	 5.02640136157 	 -2.90199417916 	 -5.60622225078 	 -1.50218272469 	 4.93049497409 	 -3.27445086065 	 False 	 19 	 10 	9 	24 	1 	12 	19 	10 	20 	4 	7 	16 	8 	22 	3 	21 	6 	5 	11 	2 	13 	17 	14 	23 	15 	18 	0
KRLetter 	 dot-jump 	 False 	 186 	 D 	 1024 	 768 	 1.16079767166 	 44.445 	 66.667 	 3 	 -2.90199417916 	 5.02640136157 	 -5.02640136157 	 2.90199417916 	 -2.52170353637 	 5.11868180516 	 False 	 11 	 10 	19 	9 	14 	22 	6 	16 	8 	1 	12 	11 	5 	3 	24 	18 	17 	15 	10 	4 	2 	13 	7 	21 	23 	20 	0
KRLetter 	 dot-jump 	 False 	 187 	 D 	 1024 	 768 	 1.16079767166 	 44.445 	 66.667 	 15 	 2.90199417916 	 -5.02640136157 	 -5.02640136157 	 -2.90199417916 	 3.04862666337 	 -5.00576970652 	 False 	 23 	 10 	23 	2 	24 	13 	22 	1 	10 	5 	8 	12 	9 	14 	21 	4 	20 	7 	16 	17 	11 	3 	6 	18 	19 	15 	0
KRLetter 	 dot-jump 	 False 	 188 	 D 	 1024 	 768 	 1.16079767166 	 44.445 	 66.667 	 11 	 -2.90199417916 	 -5.02640136157 	 -2.90199417916 	 -5.02640136157 	 -2.93571456472 	 -4.77994550923 	 True 	 10 	 10 	16 	15 	20 	6 	24 	8 	1 	19 	7 	9 	11 	13 	21 	12 	23 	3 	5 	17 	22 	14 	2 	10 	4 	18 	0
KRLetter 	 dot-jump 	 False 	 189 	 D 	 1024 	 768 	 1.16079767166 	 44.445 	 66.667 	 21 	 5.02640136157 	 2.90199417916 	 5.60622225078 	 1.50218272469 	 5.04340707273 	 2.74752773365 	 False 	 19 	 10 	1 	13 	22 	9 	4 	17 	11 	12 	23 	14 	20 	6 	19 	15 	2 	5 	10 	16 	18 	21 	24 	7 	8 	3 	0
KRLetter 	 dot-jump 	 False 	 190 	 D 	 1024 	 768 	 1.16079767166 	 44.445 	 66.667 	 24 	 1.50218272469 	 5.60622225078 	 1.50218272469 	 5.60622225078 	 1.54313201479 	 5.45741810109 	 True 	 10 	 10 	15 	23 	14 	1 	13 	22 	11 	3 	17 	2 	24 	6 	16 	7 	21 	10 	8 	5 	19 	9 	18 	12 	4 	20 	0
KRLetter 	 dot-jump 	 False 	 191 	 D 	 1024 	 768 	 1.16079767166 	 44.445 	 66.667 	 2 	 -1.50218272469 	 5.60622225078 	 0.0 	 5.80398835832 	 -1.58076938101 	 5.15631917138 	 False 	 1 	 10 	19 	2 	11 	24 	4 	22 	13 	12 	6 	9 	1 	17 	20 	14 	5 	16 	8 	10 	7 	21 	3 	15 	23 	18 	0
KRLetter 	 dot-jump 	 False 	 192 	 D 	 1024 	 768 	 1.16079767166 	 44.445 	 66.667 	 4 	 -4.10403952609 	 4.10403952609 	 -2.90199417916 	 5.02640136157 	 -4.29065974844 	 3.9142860863 	 False 	 4 	 10 	23 	11 	1 	8 	4 	20 	13 	21 	22 	5 	3 	2 	14 	17 	6 	16 	7 	19 	15 	9 	24 	10 	12 	18 	0
KRLetter 	 dot-jump 	 False 	 193 	 D 	 1024 	 768 	 1.16079767166 	 44.445 	 66.667 	 12 	 -1.50218272469 	 -5.60622225078 	 0.0 	 -5.80398835832 	 -1.20439571886 	 -5.75851703081 	 False 	 5 	 10 	16 	5 	10 	7 	15 	12 	23 	1 	24 	14 	13 	20 	17 	9 	18 	22 	19 	4 	3 	6 	21 	11 	2 	8 	0
KRLetter 	 dot-jump 	 False 	 194 	 D 	 1024 	 768 	 1.16079767166 	 44.445 	 66.667 	 24 	 1.50218272469 	 5.60622225078 	 0.0 	 5.80398835832 	 1.65604411343 	 5.53269283352 	 False 	 17 	 10 	8 	7 	16 	18 	15 	9 	14 	17 	4 	23 	1 	12 	21 	13 	10 	19 	5 	24 	6 	2 	20 	11 	22 	3 	0
KRLetter 	 dot-jump 	 False 	 195 	 D 	 1024 	 768 	 1.16079767166 	 44.445 	 66.667 	 11 	 -2.90199417916 	 -5.02640136157 	 -2.90199417916 	 5.02640136157 	 -3.16153876201 	 -5.04340707273 	 False 	 6 	 10 	23 	5 	9 	19 	7 	10 	11 	22 	15 	18 	3 	6 	8 	12 	24 	2 	17 	13 	21 	4 	1 	20 	14 	16 	0
KRLetter 	 dot-jump 	 False 	 196 	 D 	 1024 	 768 	 1.16079767166 	 44.445 	 66.667 	 4 	 -4.10403952609 	 4.10403952609 	 -4.10403952609 	 4.10403952609 	 -4.32829711466 	 4.10247291737 	 True 	 10 	 10 	7 	11 	17 	20 	19 	10 	23 	8 	22 	12 	4 	14 	21 	9 	16 	3 	6 	18 	24 	1 	15 	13 	2 	5 	0
KRLetter 	 dot-jump 	 False 	 197 	 D 	 1024 	 768 	 1.16079767166 	 44.445 	 66.667 	 22 	 4.10403952609 	 4.10403952609 	 -5.80398835832 	 0.0 	 4.1777476498 	 4.21538501602 	 False 	 13 	 10 	14 	4 	3 	8 	5 	2 	21 	23 	24 	18 	7 	10 	12 	22 	15 	9 	19 	6 	17 	11 	1 	16 	20 	13 	0
KRLetter 	 dot-jump 	 False 	 198 	 D 	 1024 	 768 	 1.16079767166 	 44.445 	 66.667 	 6 	 -5.60622225078 	 1.50218272469 	 5.60622225078 	 1.50218272469 	 -5.53269283352 	 1.50549464858 	 False 	 11 	 10 	8 	24 	13 	23 	12 	10 	14 	4 	3 	5 	20 	6 	16 	11 	21 	7 	22 	9 	17 	2 	15 	18 	1 	19 	0
KRLetter 	 dot-jump 	 False 	 199 	 D 	 1024 	 768 	 1.16079767166 	 44.445 	 66.667 	 24 	 1.50218272469 	 5.60622225078 	 -4.10403952609 	 -4.10403952609 	 1.24203308508 	 5.64560493216 	 False 	 0 	 10 	24 	3 	8 	23 	7 	17 	14 	13 	18 	2 	10 	15 	22 	11 	21 	20 	4 	19 	12 	16 	9 	5 	6 	1 	0
KRLetter 	 dot-jump 	 False 	 200 	 D 	 1024 	 768 	 1.16079767166 	 44.445 	 66.667 	 11 	 -2.90199417916 	 -5.02640136157 	 5.60622225078 	 1.50218272469 	 -2.97335193094 	 -5.15631917138 	 False 	 16 	 10 	21 	24 	7 	1 	5 	14 	15 	12 	10 	6 	20 	16 	2 	22 	8 	19 	11 	18 	3 	23 	17 	13 	9 	4 	0
KRLetter 	 dot-jump 	 False 	 201 	 D 	 1024 	 768 	 1.16079767166 	 44.445 	 66.667 	 11 	 -2.90199417916 	 -5.02640136157 	 2.90199417916 	 5.02640136157 	 -3.1239013958 	 -4.74230814302 	 False 	 7 	 10 	20 	10 	5 	19 	13 	22 	24 	11 	21 	9 	23 	2 	1 	15 	16 	18 	14 	7 	8 	3 	6 	12 	17 	4 	0
KRLetter 	 dot-jump 	 False 	 202 	 D 	 1024 	 768 	 1.16079767166 	 44.445 	 66.667 	 21 	 5.02640136157 	 2.90199417916 	 5.02640136157 	 2.90199417916 	 5.2315939038 	 2.78516509987 	 True 	 10 	 10 	20 	23 	17 	1 	4 	18 	7 	13 	19 	22 	21 	6 	9 	3 	11 	10 	2 	16 	24 	14 	12 	15 	8 	5 	0
KRLetter 	 dot-jump 	 False 	 203 	 D 	 1024 	 768 	 1.16079767166 	 44.445 	 66.667 	 11 	 -2.90199417916 	 -5.02640136157 	 -1.50218272469 	 -5.60622225078 	 -2.44642880394 	 -4.93049497409 	 False 	 3 	 10 	13 	20 	2 	11 	14 	4 	1 	16 	7 	24 	12 	3 	17 	19 	5 	6 	22 	15 	23 	8 	9 	18 	10 	21 	0
KRLetter 	 dot-jump 	 False 	 204 	 D 	 1024 	 768 	 1.16079767166 	 44.445 	 66.667 	 11 	 -2.90199417916 	 -5.02640136157 	 -5.60622225078 	 1.50218272469 	 -3.6508245228 	 -5.2315939038 	 False 	 7 	 10 	15 	14 	13 	20 	16 	3 	5 	11 	19 	22 	6 	18 	10 	21 	1 	4 	7 	9 	2 	12 	24 	8 	23 	17 	0
KRLetter 	 dot-jump 	 False 	 205 	 D 	 1024 	 768 	 1.16079767166 	 44.445 	 66.667 	 12 	 -1.50218272469 	 -5.60622225078 	 -5.60622225078 	 -1.50218272469 	 -1.24203308508 	 -6.09725332674 	 False 	 19 	 10 	20 	14 	16 	5 	7 	19 	10 	11 	9 	13 	8 	22 	1 	3 	18 	17 	23 	24 	15 	12 	6 	21 	4 	2 	0
KRLetter 	 dot-jump 	 False 	 206 	 D 	 1024 	 768 	 1.16079767166 	 44.445 	 66.667 	 16 	 4.10403952609 	 -4.10403952609 	 -5.80398835832 	 0.0 	 3.83901135387 	 -4.32829711466 	 False 	 17 	 10 	21 	11 	22 	6 	20 	12 	17 	8 	10 	15 	7 	5 	13 	24 	4 	14 	9 	16 	23 	19 	3 	2 	1 	18 	0
KRLetter 	 dot-jump 	 False 	 207 	 D 	 1024 	 768 	 1.16079767166 	 44.445 	 66.667 	 3 	 -2.90199417916 	 5.02640136157 	 -4.10403952609 	 -4.10403952609 	 -2.8604398323 	 4.85522024166 	 False 	 21 	 10 	2 	21 	18 	5 	9 	8 	4 	13 	24 	15 	10 	12 	23 	19 	7 	20 	6 	22 	1 	14 	16 	3 	11 	17 	0
KRLetter 	 dot-jump 	 False 	 208 	 D 	 1024 	 768 	 1.16079767166 	 44.445 	 66.667 	 15 	 2.90199417916 	 -5.02640136157 	 0.0 	 5.80398835832 	 3.04862666337 	 -5.2315939038 	 False 	 13 	 10 	4 	6 	12 	16 	22 	13 	19 	8 	2 	14 	1 	23 	9 	15 	10 	20 	18 	7 	11 	17 	5 	21 	3 	24 	0
KRLetter 	 dot-jump 	 False 	 209 	 D 	 1024 	 768 	 1.16079767166 	 44.445 	 66.667 	 22 	 4.10403952609 	 4.10403952609 	 -1.50218272469 	 -5.60622225078 	 4.25302238223 	 4.29065974844 	 False 	 2 	 10 	11 	5 	22 	24 	13 	8 	2 	1 	20 	23 	12 	18 	21 	19 	4 	15 	17 	7 	10 	9 	14 	3 	16 	6 	0
