subject 	task 	staircase 	trialNum 	stimulus 	monitorWidth 	monitorHeight 	stimHeight  	ISI 	SOA 	centralTask 	centralStream 	responseSpatialPos 	responseX 	responseY 	correctX 	correctY 	clickX 	clickY 	accuracy 	responsePosInStream 	correctPosInStream 	position0 	position1 	position2 	position3 	position4 	position5 	position6 	position7 	position8 	position9 	position10 	position11 	position12 	position13 	position14 	position15 	position16 	position17 	position18 	position19 	position20 	position21 	position22 	position23 	longFrames
charlieEndogenous	dot-jump	False	0	circle	1024	768	1.16079767166	70.6	94.12	True	WCHRZUSNTF2YBXQVMPIDLEJA	24	1.50218272469	5.60622225078	4.10403952609	4.10403952609	1.46785728236	5.30686863623	False	22	10	18	16	10	8	19	7	17	20	12	21	22	9	1	2	11	15	13	23	5	4	3	14	24	6	0
charlieEndogenous	dot-jump	False	1	circle	1024	768	1.16079767166	70.6	94.12	True	IMZYFTAHCLKE3JPBXUDVQWSN	23	2.90199417916	5.02640136157	-5.80398835832	0.0	2.74752773365	4.7046707768	False	13	12	1	6	2	4	10	12	14	9	11	19	5	22	7	23	13	17	16	8	18	3	15	20	21	24	0
charlieEndogenous	dot-jump	False	2	circle	1024	768	1.16079767166	70.6	94.12	True	VITSPMWD5ELZKJBFANCRHQUY	24	1.50218272469	5.60622225078	-2.90199417916	5.02640136157	1.46785728236	5.26923127002	False	9	8	1	12	21	5	19	15	9	10	3	24	4	17	23	11	18	16	13	22	20	14	2	7	6	8	0
charlieEndogenous	dot-jump	False	3	circle	1024	768	1.16079767166	70.6	94.12	True	UHQIJZEYRNBKD4XWTALVMPSC	18	5.60622225078	-1.50218272469	4.10403952609	4.10403952609	6.24780279159	-1.43021991615	False	15	13	24	20	12	15	13	16	10	4	17	2	9	14	1	22	7	18	3	8	11	19	23	6	21	5	0
charlieEndogenous	dot-jump	False	4	circle	1024	768	1.16079767166	70.6	94.12	True	YMDWJTXPBLINUK7ZFCRVESHQ	14	1.50218272469	-5.60622225078	1.50218272469	-5.60622225078	1.69368147965	-5.53269283352	True	14	14	20	2	16	23	6	11	7	1	8	3	10	5	18	19	14	21	24	17	9	4	15	13	12	22	0
charlieEndogenous	dot-jump	False	5	circle	1024	768	1.16079767166	70.6	94.12	True	KCPUQNLRSZX9HBDTIVYMEJWA	24	1.50218272469	5.60622225078	5.02640136157	2.90199417916	1.50549464858	5.2315939038	False	12	11	6	15	8	5	17	4	16	14	2	1	22	21	24	19	9	12	13	7	3	20	10	18	23	11	0
charlieEndogenous	dot-jump	False	6	circle	1024	768	1.16079767166	70.6	94.12	True	QKETCLZYB4HNPWUMXAVRFIJS	14	1.50218272469	-5.60622225078	-1.50218272469	5.60622225078	1.73131884586	-5.45741810109	False	14	9	24	1	16	3	6	20	17	15	22	2	11	7	13	19	14	18	23	5	10	9	12	21	8	4	0
charlieEndogenous	dot-jump	False	7	circle	1024	768	1.16079767166	70.6	94.12	True	UPIDMAZTLHVBNXQ2CFWEJKRS	15	2.90199417916	-5.02640136157	5.02640136157	-2.90199417916	2.89807719851	-5.11868180516	False	23	15	10	1	23	12	7	13	11	20	19	4	8	21	5	3	16	17	14	6	18	24	22	9	2	15	0
charlieEndogenous	dot-jump	False	8	circle	1024	768	1.16079767166	70.6	94.12	True	AXEKZFRJPWSMUQBV8IDYCLTH	12	-1.50218272469	-5.60622225078	-1.50218272469	5.60622225078	-1.54313201479	-5.45741810109	False	20	16	3	1	17	11	16	20	4	19	15	14	24	8	7	10	22	13	2	23	9	5	12	21	6	18	0
charlieEndogenous	dot-jump	False	9	circle	1024	768	1.16079767166	70.6	94.12	True	LDQFSPHA4ZXCINTMEJRKWBYU	11	-2.90199417916	-5.02640136157	0.0	5.80398835832	-3.08626402958	-5.15631917138	False	21	8	4	5	13	16	3	19	24	14	1	8	23	9	7	6	10	15	21	18	22	2	17	11	12	20	0
charlieEndogenous	dot-jump	False	10	circle	1024	768	1.16079767166	70.6	94.12	True	TWRPVBYHCAI4JQNMEFZKXLDS	2	-1.50218272469	5.60622225078	5.02640136157	2.90199417916	-1.27967045129	5.41978073488	False	14	11	9	10	4	17	22	24	7	6	19	16	23	21	3	1	2	15	20	13	5	12	8	11	14	18	0
charlieEndogenous	dot-jump	False	11	circle	1024	768	1.16079767166	70.6	94.12	True	QWHADPRCEIFYTMB8UZSNKXJV	1	0.0	5.80398835832	0.0	5.80398835832	0.150549464858	5.75851703081	True	15	15	15	19	13	14	3	20	5	11	24	16	10	6	18	17	9	1	2	8	4	23	22	7	12	21	0
charlieEndogenous	dot-jump	False	12	circle	1024	768	1.16079767166	70.6	94.12	True	WUEQFMBYVK2DCIRLJTXNAZSH	14	1.50218272469	-5.60622225078	-2.90199417916	5.02640136157	1.46785728236	-5.68324229838	False	12	10	11	12	15	17	22	16	20	6	5	13	3	24	14	10	1	7	18	4	21	9	2	19	23	8	0
charlieEndogenous	dot-jump	False	13	circle	1024	768	1.16079767166	70.6	94.12	True	ZFHPMRBEUTLIVQ4NSJKXYWCA	8	-5.60622225078	-1.50218272469	-5.80398835832	0.0	-5.49505546731	-1.88186831072	False	17	14	2	18	24	15	6	4	1	10	11	12	23	14	13	22	7	21	3	8	9	19	20	16	5	17	0
charlieEndogenous	dot-jump	False	14	circle	1024	768	1.16079767166	70.6	94.12	True	UQXZHYCAVRJWB3PDSNETFLIK	24	1.50218272469	5.60622225078	4.10403952609	4.10403952609	1.73131884586	5.60796756595	False	8	13	15	12	5	23	19	7	2	4	24	16	14	1	3	22	18	6	21	11	17	8	13	10	9	20	0
charlieEndogenous	dot-jump	False	15	circle	1024	768	1.16079767166	70.6	94.12	True	XUQWMTRDNJKVZIFE1AYSCLPB	16	4.10403952609	-4.10403952609	-4.10403952609	-4.10403952609	4.25302238223	-4.25302238223	False	21	16	3	19	6	14	15	7	1	24	22	18	12	21	13	8	23	20	10	9	17	11	4	16	2	5	0
charlieEndogenous	dot-jump	False	16	circle	1024	768	1.16079767166	70.6	94.12	True	VJETKSPYNHUA7LIBWQXRDCZM	20	5.60622225078	1.50218272469	-4.10403952609	4.10403952609	5.53269283352	1.35494518372	False	21	12	23	6	14	2	3	24	16	11	12	5	22	10	4	9	7	15	13	19	1	17	21	20	18	8	0
charlieEndogenous	dot-jump	False	17	circle	1024	768	1.16079767166	70.6	94.12	True	WUKCIAFBM9EHRNZJXDYSLPTV	15	2.90199417916	-5.02640136157	4.10403952609	-4.10403952609	2.8604398323	-5.00576970652	False	15	9	4	3	21	2	10	12	19	17	23	16	18	24	14	7	8	15	22	6	1	5	11	20	13	9	0
charlieEndogenous	dot-jump	False	18	circle	1024	768	1.16079767166	70.6	94.12	True	WFLAICHEQR9XDYPUSZBKNVMJ	14	1.50218272469	-5.60622225078	2.90199417916	-5.02640136157	1.65604411343	-5.53269283352	False	13	10	19	1	4	24	22	9	13	12	16	18	15	2	17	14	8	20	3	21	23	10	5	11	6	7	0
charlieEndogenous	dot-jump	False	19	circle	1024	768	1.16079767166	70.6	94.12	True	ACYWPIVTDMJNBRQX6FZEKHUL	12	-1.50218272469	-5.60622225078	5.60622225078	-1.50218272469	-1.58076938101	-5.75851703081	False	14	16	11	4	24	13	19	8	6	5	7	15	21	14	20	23	12	3	18	1	16	17	10	9	2	22	0
charlieEndogenous	dot-jump	False	20	circle	1024	768	1.16079767166	70.6	94.12	True	YFTSKUBXPDR7VNLCJHQEWIMZ	20	5.60622225078	1.50218272469	4.10403952609	-4.10403952609	5.45741810109	1.50549464858	False	22	11	10	6	21	8	12	15	7	17	3	2	4	16	19	1	23	11	13	14	18	5	9	22	20	24	0
charlieEndogenous	dot-jump	False	21	circle	1024	768	1.16079767166	70.6	94.12	True	NYSFWMCVUDJH3ZKTBXRQELAI	15	2.90199417916	-5.02640136157	-2.90199417916	5.02640136157	2.67225300122	-4.9681323403	False	15	12	24	19	1	17	12	5	6	9	22	20	23	14	3	2	16	15	18	8	21	7	13	11	10	4	0
charlieEndogenous	dot-jump	False	22	circle	1024	768	1.16079767166	70.6	94.12	True	JUPAWMKHXFSIBVQ7YERZDTCL	9	-5.02640136157	-2.90199417916	-1.50218272469	5.60622225078	-5.04340707273	-2.67225300122	False	5	15	6	13	7	18	1	9	24	19	15	4	12	14	22	11	3	2	16	17	8	21	5	23	20	10	0
charlieEndogenous	dot-jump	False	23	circle	1024	768	1.16079767166	70.6	94.12	True	QWAFSCVZJRBPI8KHDMYEXULN	14	1.50218272469	-5.60622225078	1.50218272469	-5.60622225078	1.3173078175	-5.53269283352	True	13	13	21	12	3	16	4	23	22	2	19	18	10	9	8	14	13	17	24	1	20	11	7	15	6	5	0
charlieEndogenous	dot-jump	False	24	circle	1024	768	1.16079767166	70.6	94.12	True	MZHIEWDB2ALJRUNYFQTKVXCP	12	-1.50218272469	-5.60622225078	5.02640136157	2.90199417916	-1.58076938101	-5.60796756595	False	2	8	5	9	12	20	14	24	18	4	21	1	11	13	10	7	15	16	23	22	17	2	3	6	8	19	0
charlieEndogenous	dot-jump	False	25	circle	1024	768	1.16079767166	70.6	94.12	True	DIEYUSZFV6CAJPBNQLTHKWXR	24	1.50218272469	5.60622225078	-1.50218272469	-5.60622225078	1.76895621208	5.30686863623	False	23	9	7	17	4	13	20	15	22	11	18	12	1	16	9	14	10	6	3	2	8	21	23	19	5	24	0
charlieEndogenous	dot-jump	False	26	circle	1024	768	1.16079767166	70.6	94.12	True	MXWKPCTEDUINRA3QVZHBLFSY	14	1.50218272469	-5.60622225078	-1.50218272469	-5.60622225078	1.50549464858	-5.60796756595	False	17	14	17	15	2	8	6	22	18	24	1	16	10	11	23	20	12	19	5	14	21	3	7	9	13	4	0
charlieEndogenous	dot-jump	False	27	circle	1024	768	1.16079767166	70.6	94.12	True	TEWXCDNSLHIMBPZJ4FUYRKAV	13	0.0	-5.80398835832	2.90199417916	5.02640136157	-0.225824197287	-5.45741810109	False	18	16	11	6	8	14	1	16	15	24	18	12	22	7	3	17	9	5	23	20	13	2	4	19	21	10	0
charlieEndogenous	dot-jump	False	28	circle	1024	768	1.16079767166	70.6	94.12	True	SZAFQMKYLIWJHC7XUDBNEPTR	16	4.10403952609	-4.10403952609	5.02640136157	-2.90199417916	3.6508245228	-4.02719818494	False	13	14	3	20	6	13	4	11	1	7	5	22	23	2	15	16	17	14	24	9	18	10	19	8	21	12	0
charlieEndogenous	dot-jump	False	29	circle	1024	768	1.16079767166	70.6	94.12	True	LEIRTHQDXSWCF8MUYPBAJZNK	12	-1.50218272469	-5.60622225078	5.02640136157	2.90199417916	-1.54313201479	-5.30686863623	False	16	13	7	9	23	13	22	10	20	8	2	15	11	14	1	21	4	16	12	19	3	24	6	18	17	5	0
charlieEndogenous	dot-jump	False	30	circle	1024	768	1.16079767166	70.6	94.12	True	URYEAQJZTD8XLSCHNFWPVMBI	21	5.02640136157	2.90199417916	5.60622225078	-1.50218272469	5.04340707273	3.23681349444	False	2	10	22	17	21	10	8	1	24	11	19	14	18	23	9	20	16	4	6	12	13	2	5	3	7	15	0
charlieEndogenous	dot-jump	False	31	circle	1024	768	1.16079767166	70.6	94.12	True	SUVTFZLXRCJ6DMQWKEPNBHIA	24	1.50218272469	5.60622225078	-5.60622225078	1.50218272469	1.3173078175	5.34450600245	False	10	11	18	23	22	14	12	17	19	3	7	21	24	6	1	15	4	2	9	10	20	13	11	16	5	8	0
charlieEndogenous	dot-jump	False	32	circle	1024	768	1.16079767166	70.6	94.12	True	NPRBKZWDHUQAIJL5FCMYETSX	8	-5.60622225078	-1.50218272469	2.90199417916	-5.02640136157	-5.41978073488	-1.50549464858	False	11	15	2	17	18	6	3	21	11	7	16	19	4	8	13	14	22	15	20	1	10	12	23	24	9	5	0
charlieEndogenous	dot-jump	False	33	circle	1024	768	1.16079767166	70.6	94.12	True	NAFCUWMK1EYHTZLBRPISVDJQ	3	-2.90199417916	5.02640136157	1.50218272469	5.60622225078	-2.78516509987	5.04340707273	False	21	8	17	4	13	11	10	15	23	16	24	8	21	5	2	20	12	19	14	9	18	22	7	3	6	1	0
charlieEndogenous	dot-jump	False	34	circle	1024	768	1.16079767166	70.6	94.12	True	ZKXRCFAPY2JTHDBNVWIQMSLU	11	-2.90199417916	-5.02640136157	0.0	-5.80398835832	-2.97335193094	-5.34450600245	False	15	9	24	20	14	2	16	18	22	19	6	13	17	12	8	9	4	11	1	5	15	21	3	23	7	10	0
charlieEndogenous	dot-jump	False	35	circle	1024	768	1.16079767166	70.6	94.12	True	TAEVXIQJUPYD8BWSFZKRLMCH	15	2.90199417916	-5.02640136157	2.90199417916	5.02640136157	2.93571456472	-5.00576970652	False	14	12	9	18	20	13	5	24	6	11	1	12	17	4	23	16	15	7	14	8	10	2	22	3	21	19	0
charlieEndogenous	dot-jump	False	36	circle	1024	768	1.16079767166	70.6	94.12	True	TBZHJRWXUC1DLSIMNAVFPEQK	14	1.50218272469	-5.60622225078	5.80398835832	0.0	1.58076938101	-5.41978073488	False	13	10	23	16	10	6	3	11	15	7	1	12	19	8	9	14	4	24	21	17	20	2	5	22	18	13	0
charlieEndogenous	dot-jump	False	37	circle	1024	768	1.16079767166	70.6	94.12	True	YJFHULPINVTBSKMC1ERXZDWA	21	5.02640136157	2.90199417916	-5.02640136157	-2.90199417916	5.00576970652	3.01098929715	False	4	16	5	4	1	3	21	15	22	13	12	11	2	19	17	14	24	20	9	16	10	23	6	18	8	7	0
charlieEndogenous	dot-jump	False	38	circle	1024	768	1.16079767166	70.6	94.12	True	KHZCVAXM9TYQPLRIUWBEJNDF	15	2.90199417916	-5.02640136157	5.80398835832	0.0	2.89807719851	-5.19395653759	False	11	8	6	9	2	10	1	24	13	17	19	11	16	15	22	5	18	12	4	14	23	3	20	8	7	21	0
charlieEndogenous	dot-jump	False	39	circle	1024	768	1.16079767166	70.6	94.12	True	JDKINMUSRBEQPH3VWATFYXLZ	17	5.02640136157	-2.90199417916	2.90199417916	-5.02640136157	4.40357184709	-2.5969782688	False	18	14	1	9	11	19	4	10	12	14	3	7	24	13	20	21	15	22	18	2	17	6	5	8	23	16	0
charlieEndogenous	dot-jump	False	40	circle	1024	768	1.16079767166	70.6	94.12	True	CQBJTEWLA2XRDSIKPVZMYHUN	4	-4.10403952609	4.10403952609	-1.50218272469	5.60622225078	-4.29065974844	4.10247291737	False	11	9	21	14	15	6	22	8	17	13	11	2	18	4	7	19	1	24	5	3	9	23	12	16	10	20	0
charlieEndogenous	dot-jump	False	41	circle	1024	768	1.16079767166	70.6	94.12	True	MHFIBVKENDSQL7UWZRYCTJAX	21	5.02640136157	2.90199417916	-5.02640136157	2.90199417916	4.59175867816	3.01098929715	False	20	13	19	16	11	14	17	1	18	4	3	12	13	9	10	5	23	24	20	22	6	15	21	8	7	2	0
charlieEndogenous	dot-jump	False	42	circle	1024	768	1.16079767166	70.6	94.12	True	FCTYMBRQKNUV9XHZLAIPESJW	23	2.90199417916	5.02640136157	4.10403952609	-4.10403952609	2.5969782688	5.08104443895	False	7	12	11	12	17	6	13	14	9	23	7	10	4	1	16	8	3	20	24	15	22	5	18	21	2	19	0
charlieEndogenous	dot-jump	False	43	circle	1024	768	1.16079767166	70.6	94.12	True	NRQKWAVTEHJ7DXUSCZFLMIYP	24	1.50218272469	5.60622225078	0.0	5.80398835832	1.24203308508	4.93049497409	False	12	11	19	7	16	11	23	4	2	12	21	13	6	1	24	14	18	3	22	9	5	17	20	10	8	15	0
charlieEndogenous	dot-jump	False	44	circle	1024	768	1.16079767166	70.6	94.12	True	DKELBSTANPUIYWJ9CFQXMRVH	14	1.50218272469	-5.60622225078	-5.60622225078	-1.50218272469	1.61840674722	-5.94670386188	False	9	15	13	21	1	22	2	7	4	24	20	14	9	10	12	19	6	8	23	11	16	5	3	15	17	18	0
charlieEndogenous	dot-jump	False	45	circle	1024	768	1.16079767166	70.6	94.12	True	TIEQNABSRYPVH9WDCKJZLXMF	23	2.90199417916	5.02640136157	4.10403952609	-4.10403952609	3.1239013958	4.47884657952	False	3	13	9	19	11	23	20	10	7	14	17	18	15	1	12	16	8	22	24	5	6	3	21	2	13	4	0
charlieEndogenous	dot-jump	False	46	circle	1024	768	1.16079767166	70.6	94.12	True	XDFIPZNUSV9MQTAKWCHELYRB	12	-1.50218272469	-5.60622225078	5.60622225078	1.50218272469	-1.73131884586	-5.64560493216	False	13	10	18	10	21	22	16	24	1	13	6	8	20	4	19	12	17	15	5	11	3	9	2	23	7	14	0
charlieEndogenous	dot-jump	False	47	circle	1024	768	1.16079767166	70.6	94.12	True	TKWVQYARLFUD7PBHEJZIMCNS	16	4.10403952609	-4.10403952609	-4.10403952609	-4.10403952609	3.83901135387	-3.95192345251	False	19	12	19	21	6	4	17	20	24	12	14	23	15	7	10	13	22	18	1	5	9	16	2	3	8	11	0
charlieEndogenous	dot-jump	False	48	circle	1024	768	1.16079767166	70.6	94.12	True	LXMJKQCFB8RYDVAUESPNZITH	13	0.0	-5.80398835832	0.0	-5.80398835832	0.225824197287	-5.30686863623	True	9	9	4	15	18	10	5	6	1	23	24	13	9	7	21	14	12	2	19	11	20	17	22	3	8	16	0
charlieEndogenous	dot-jump	False	49	circle	1024	768	1.16079767166	70.6	94.12	True	IPJNFLZVEXY6HSAKQMDTCUWR	3	-2.90199417916	5.02640136157	5.60622225078	-1.50218272469	-2.70989036744	4.93049497409	False	9	11	20	12	23	17	10	11	7	14	13	3	19	18	1	6	9	2	4	15	21	16	24	8	5	22	0
charlieEndogenous	dot-jump	False	50	circle	1024	768	1.16079767166	70.6	94.12	True	LJTSHVNQICWMEDPZ5YKUFBRA	1	0.0	5.80398835832	0.0	5.80398835832	-0.33873629593	6.02197859431	True	16	16	23	15	5	4	22	12	17	11	21	24	6	9	2	20	16	8	1	10	13	19	7	3	14	18	0
charlieEndogenous	dot-jump	False	51	circle	1024	768	1.16079767166	70.6	94.12	True	IJYBZPQHFLUMNA9VEWRSDCKT	16	4.10403952609	-4.10403952609	-5.60622225078	1.50218272469	4.06483555116	-4.47884657952	False	20	14	5	11	8	7	20	4	22	21	18	23	24	2	19	3	6	13	15	17	12	9	16	14	10	1	0
charlieEndogenous	dot-jump	False	52	circle	1024	768	1.16079767166	70.6	94.12	True	JKNXDABHYFLVZUT8PECIWMRS	20	5.60622225078	1.50218272469	5.80398835832	0.0	5.45741810109	1.54313201479	False	20	15	6	15	14	9	4	8	22	1	17	24	23	3	13	18	2	19	10	12	7	5	20	16	11	21	0
charlieEndogenous	dot-jump	False	53	circle	1024	768	1.16079767166	70.6	94.12	True	JSUPKYTQ7RHNABIXEDLVMCFW	4	-4.10403952609	4.10403952609	4.10403952609	4.10403952609	-4.10247291737	3.76373662144	False	15	8	23	21	3	15	11	14	12	17	22	7	8	6	2	20	9	4	13	1	10	18	5	19	24	16	0
charlieEndogenous	dot-jump	False	54	circle	1024	768	1.16079767166	70.6	94.12	True	URWQEDZXAFVJMPS1BNCIHYTK	5	-5.02640136157	2.90199417916	5.80398835832	0.0	-4.7046707768	2.8604398323	False	20	15	1	18	23	21	11	8	17	14	20	9	15	2	3	12	10	19	7	4	22	6	5	13	16	24	0
charlieEndogenous	dot-jump	False	55	circle	1024	768	1.16079767166	70.6	94.12	True	HTEZFCJVKWAY4ULQINMBSPXR	15	2.90199417916	-5.02640136157	-5.02640136157	-2.90199417916	3.19917612823	-5.04340707273	False	13	12	2	19	7	4	20	8	16	14	13	3	17	10	9	15	21	23	18	12	6	24	5	22	11	1	0
charlieEndogenous	dot-jump	False	56	circle	1024	768	1.16079767166	70.6	94.12	True	QJTBZHEDNVU3ARPMFYXICSLK	3	-2.90199417916	5.02640136157	1.50218272469	-5.60622225078	-2.67225300122	4.25302238223	False	10	11	15	23	12	9	16	8	7	13	20	18	3	14	22	19	4	11	21	2	6	17	1	24	10	5	0
charlieEndogenous	dot-jump	False	57	circle	1024	768	1.16079767166	70.6	94.12	True	UKIFJYRT9ZDBXWMSECNPALVQ	12	-1.50218272469	-5.60622225078	5.60622225078	1.50218272469	-1.27967045129	-5.68324229838	False	20	8	16	2	24	6	5	18	14	9	20	13	17	8	23	7	22	15	11	19	10	3	12	21	1	4	0
charlieEndogenous	dot-jump	False	58	circle	1024	768	1.16079767166	70.6	94.12	True	UCISLDPYR9NMFEWVJAXHZQKB	16	4.10403952609	-4.10403952609	-5.60622225078	1.50218272469	4.36593448087	-4.47884657952	False	14	9	9	2	5	7	4	15	12	13	23	6	21	8	14	18	16	19	24	20	10	3	22	17	11	1	0
charlieEndogenous	dot-jump	False	59	circle	1024	768	1.16079767166	70.6	94.12	True	EWUMDRQTVF5BXYIPJCHANZKS	6	-5.60622225078	1.50218272469	4.10403952609	4.10403952609	0.0	0.0	False	1	10	11	6	13	3	18	17	14	16	12	10	22	19	5	1	15	2	21	7	23	24	9	8	4	20	0
charlieEndogenous	dot-jump	False	60	circle	1024	768	1.16079767166	70.6	94.12	True	MEFCQJXWZYISA9DULBPKVRNT	10	-4.10403952609	-4.10403952609	-4.10403952609	-4.10403952609	-3.87664872009	-4.25302238223	True	13	13	4	13	17	18	19	9	23	21	16	22	15	7	8	10	1	6	11	20	12	3	2	24	5	14	0
charlieEndogenous	dot-jump	False	61	circle	1024	768	1.16079767166	70.6	94.12	True	MIENXAFVCPYUBD5JRWTLZKSQ	1	0.0	5.80398835832	1.50218272469	5.60622225078	0.376373662144	5.90906649566	False	5	14	4	6	23	7	15	1	5	10	22	16	13	9	2	14	24	8	3	11	18	12	20	21	17	19	0
charlieEndogenous	dot-jump	False	62	circle	1024	768	1.16079767166	70.6	94.12	True	CXTUZDKEYIJSQPBN8RMFWVHL	24	1.50218272469	5.60622225078	5.02640136157	2.90199417916	1.27967045129	5.34450600245	False	17	16	22	2	16	20	12	7	17	18	9	3	4	23	14	15	10	5	21	24	19	1	6	11	13	8	0
charlieEndogenous	dot-jump	False	63	circle	1024	768	1.16079767166	70.6	94.12	True	WXLZHEAYBTV8SIFDUMKQCJPN	17	5.02640136157	-2.90199417916	5.60622225078	1.50218272469	4.93049497409	-2.97335193094	False	21	11	22	4	1	10	11	13	18	3	7	9	21	20	5	24	16	19	8	14	2	12	15	17	6	23	0
charlieEndogenous	dot-jump	False	64	circle	1024	768	1.16079767166	70.6	94.12	True	QKWAJMIT5ESLNBUHRYVPZXDF	17	5.02640136157	-2.90199417916	5.60622225078	-1.50218272469	4.85522024166	-3.1239013958	False	3	8	21	10	22	17	23	2	9	24	18	8	12	16	11	13	7	5	15	6	1	3	14	20	19	4	0
charlieEndogenous	dot-jump	False	65	circle	1024	768	1.16079767166	70.6	94.12	True	WSKAIBCYZNPUT9EJHXRDFLVM	3	-2.90199417916	5.02640136157	-5.80398835832	0.0	-3.1239013958	4.89285760787	False	18	13	21	24	4	15	20	13	5	11	9	23	12	6	2	7	16	14	17	1	3	19	22	18	10	8	0
charlieEndogenous	dot-jump	False	66	circle	1024	768	1.16079767166	70.6	94.12	True	NKXFJRLIBE5ZHDWQAVYTUPSM	7	-5.80398835832	0.0	-5.60622225078	-1.50218272469	-6.02197859431	-0.33873629593	False	2	10	14	15	7	4	2	13	9	23	5	18	8	3	22	17	21	11	1	24	12	16	10	6	20	19	0
charlieEndogenous	dot-jump	False	67	circle	1024	768	1.16079767166	70.6	94.12	True	HJVESPCKZQNFLW2TMUXADBRI	1	0.0	5.80398835832	-5.60622225078	-1.50218272469	0.489285760787	5.60796756595	False	17	14	6	4	23	5	11	7	13	24	15	18	19	16	9	10	8	2	17	1	20	14	12	22	21	3	0
charlieEndogenous	dot-jump	False	68	circle	1024	768	1.16079767166	70.6	94.12	True	ZBUERSQJD9XLHPMITFAYCWKV	24	1.50218272469	5.60622225078	5.02640136157	-2.90199417916	1.27967045129	5.45741810109	False	4	9	14	19	3	21	24	10	20	6	11	17	15	23	4	8	2	12	1	9	7	22	5	16	18	13	0
charlieEndogenous	dot-jump	False	69	circle	1024	768	1.16079767166	70.6	94.12	True	NYDLXUHVRMCA6WJSIFZBTEQP	11	-2.90199417916	-5.02640136157	1.50218272469	5.60622225078	-2.63461563501	-4.7046707768	False	1	12	15	11	22	13	9	18	6	21	7	16	5	14	24	20	17	8	23	1	12	19	3	10	4	2	0
charlieEndogenous	dot-jump	False	70	circle	1024	768	1.16079767166	70.6	94.12	True	BDCAJZFVPKSTENWI5QYHULMR	7	-5.80398835832	0.0	4.10403952609	-4.10403952609	-5.57033019973	-0.451648394573	False	17	16	8	13	1	20	23	15	11	2	3	21	17	24	4	22	14	9	16	7	6	12	10	5	18	19	0
charlieEndogenous	dot-jump	False	71	circle	1024	768	1.16079767166	70.6	94.12	True	JRUDIPBXQYTZMLF1ANVSCEWK	18	5.60622225078	-1.50218272469	5.02640136157	2.90199417916	5.15631917138	-1.43021991615	False	16	15	10	12	3	13	9	2	23	6	4	8	14	24	1	16	17	21	18	22	11	15	5	19	7	20	0
charlieEndogenous	dot-jump	False	72	circle	1024	768	1.16079767166	70.6	94.12	True	UTRIBJYCNSXDWA8MPHFZVEQK	16	4.10403952609	-4.10403952609	2.90199417916	5.02640136157	3.76373662144	-4.02719818494	False	18	14	10	1	3	7	4	9	13	15	8	5	20	12	22	17	23	2	18	14	16	11	6	21	19	24	0
charlieEndogenous	dot-jump	False	73	circle	1024	768	1.16079767166	70.6	94.12	True	UKYCXIEMHQJSNAVL9DTFBPZR	18	5.60622225078	-1.50218272469	5.02640136157	-2.90199417916	4.59175867816	-1.39258254993	False	21	16	21	1	13	3	2	19	8	12	4	10	6	24	14	5	22	20	17	11	23	9	16	18	15	7	0
charlieEndogenous	dot-jump	False	74	circle	1024	768	1.16079767166	70.6	94.12	True	HTFXUMZVLYN9DJPWAECRSKQB	21	5.02640136157	2.90199417916	0.0	-5.80398835832	4.59175867816	2.89807719851	False	1	11	9	21	18	2	17	5	8	6	14	3	20	13	23	11	16	22	4	12	7	24	10	15	1	19	0
charlieEndogenous	dot-jump	False	75	circle	1024	768	1.16079767166	70.6	94.12	True	QHBJXELYKUANCPZ3RITDWFVM	18	5.60622225078	-1.50218272469	-4.10403952609	4.10403952609	5.08104443895	-1.65604411343	False	16	15	12	5	8	14	6	10	22	23	13	21	24	3	17	16	20	4	18	1	9	15	19	7	11	2	0
charlieEndogenous	dot-jump	False	76	circle	1024	768	1.16079767166	70.6	94.12	True	UIDKWCRBTZ4HEVLYXSNFJAMP	13	0.0	-5.80398835832	5.02640136157	2.90199417916	0.0752747324288	-5.75851703081	False	9	10	24	2	22	15	6	9	16	1	5	13	21	19	7	11	10	14	12	23	4	8	18	20	17	3	0
charlieEndogenous	dot-jump	False	77	circle	1024	768	1.16079767166	70.6	94.12	True	IHAXFWBQEYMR7VKNZCDTSLPJ	21	5.02640136157	2.90199417916	-1.50218272469	-5.60622225078	4.51648394573	2.5969782688	False	16	12	7	2	24	10	5	17	1	18	4	19	6	15	12	11	22	14	21	9	23	13	3	20	16	8	0
charlieEndogenous	dot-jump	False	78	circle	1024	768	1.16079767166	70.6	94.12	True	DEVALXFR5NQHICSKMYZUTWBJ	4	-4.10403952609	4.10403952609	4.10403952609	4.10403952609	-3.87664872009	3.87664872009	False	18	8	21	18	14	20	23	8	24	16	22	7	15	13	3	19	5	11	17	12	4	10	9	6	1	2	0
charlieEndogenous	dot-jump	False	79	circle	1024	768	1.16079767166	70.6	94.12	True	HLBIZPTVX4AJKRWDCSFYEUQN	17	5.02640136157	-2.90199417916	-1.50218272469	5.60622225078	5.11868180516	-3.08626402958	False	11	9	13	6	5	7	16	1	22	12	20	2	18	17	24	23	14	8	11	10	19	3	4	21	15	9	0
charlieEndogenous	dot-jump	False	80	circle	1024	768	1.16079767166	70.6	94.12	True	QMUDRTPXBENAJ9ZYFIVCLHSK	3	-2.90199417916	5.02640136157	-1.50218272469	5.60622225078	-2.74752773365	4.89285760787	False	22	13	23	18	11	13	24	15	9	7	16	10	19	1	8	2	6	5	17	21	22	4	12	20	3	14	0
charlieEndogenous	dot-jump	False	81	circle	1024	768	1.16079767166	70.6	94.12	True	LKZMWBQRPNJH8DVTCEUAFXYI	14	1.50218272469	-5.60622225078	5.60622225078	-1.50218272469	0.790384690503	-5.57033019973	False	0	12	14	21	10	9	1	16	20	22	8	7	13	6	18	15	2	11	19	12	24	5	3	4	23	17	0
charlieEndogenous	dot-jump	False	82	circle	1024	768	1.16079767166	70.6	94.12	True	EATNIRVZCHBWJ9FLUPKDMQYX	17	5.02640136157	-2.90199417916	5.80398835832	0.0	5.19395653759	-3.08626402958	False	10	13	14	23	24	8	5	11	4	6	21	18	17	2	7	19	12	9	22	15	10	20	16	3	1	13	0
charlieEndogenous	dot-jump	False	83	circle	1024	768	1.16079767166	70.6	94.12	True	LVTPZJUEWYQKXMCA7DBNRFIH	3	-2.90199417916	5.02640136157	5.60622225078	-1.50218272469	-2.63461563501	4.93049497409	False	12	16	9	19	23	2	21	7	24	15	16	22	20	14	3	10	8	6	18	1	11	13	4	17	5	12	0
charlieEndogenous	dot-jump	False	84	circle	1024	768	1.16079767166	70.6	94.12	True	ACZQWFNL3VKRESDIPYTHXUJM	23	2.90199417916	5.02640136157	-1.50218272469	5.60622225078	2.93571456472	4.85522024166	False	19	8	3	20	17	11	6	8	1	5	2	16	15	10	9	21	18	7	19	22	13	23	14	4	24	12	0
charlieEndogenous	dot-jump	False	85	circle	1024	768	1.16079767166	70.6	94.12	True	MNEFJQTAVL1HRCBWXYZDSPIK	19	5.80398835832	0.0	5.02640136157	-2.90199417916	5.19395653759	-0.0376373662144	False	17	10	4	15	12	8	10	2	9	11	5	20	17	1	21	3	7	22	16	19	24	6	23	18	13	14	0
charlieEndogenous	dot-jump	False	86	circle	1024	768	1.16079767166	70.6	94.12	True	ASMHXUTRJKFNCLZ2QDEVWBYI	7	-5.80398835832	0.0	5.02640136157	2.90199417916	-6.05961596052	-0.188186831072	False	22	15	15	6	18	14	11	12	13	1	9	22	23	8	5	16	4	21	19	17	24	20	3	10	7	2	0
charlieEndogenous	dot-jump	False	87	circle	1024	768	1.16079767166	70.6	94.12	True	IDKBUAWRZNC3EJLVQPHFYTXM	18	5.60622225078	-1.50218272469	5.80398835832	0.0	5.15631917138	-1.61840674722	False	14	11	15	1	7	16	3	9	10	13	14	8	11	19	21	6	18	2	20	17	23	5	22	12	4	24	0
charlieEndogenous	dot-jump	False	88	circle	1024	768	1.16079767166	70.6	94.12	True	BXHVCZMAW6KQLDYIRPJNFUTS	4	-4.10403952609	4.10403952609	-1.50218272469	-5.60622225078	-3.95192345251	4.10247291737	False	10	9	21	20	1	8	6	18	7	17	2	12	4	9	5	19	13	15	16	10	22	23	24	14	11	3	0
charlieEndogenous	dot-jump	False	89	circle	1024	768	1.16079767166	70.6	94.12	True	RXZJVFDUBMQLTS1HEAINCYKP	20	5.60622225078	1.50218272469	-4.10403952609	-4.10403952609	4.9681323403	1.54313201479	False	22	14	17	7	5	18	22	24	13	6	1	14	19	23	3	9	10	8	15	11	16	4	2	21	20	12	0
charlieEndogenous	dot-jump	False	90	circle	1024	768	1.16079767166	70.6	94.12	True	ETAIWQFXPSDJRY5NMLKHUBZV	6	-5.60622225078	1.50218272469	1.50218272469	5.60622225078	-5.87142912945	1.76895621208	False	23	14	23	17	12	18	9	1	20	3	22	19	2	21	7	16	24	8	14	4	13	15	11	10	5	6	0
charlieEndogenous	dot-jump	False	91	circle	1024	768	1.16079767166	70.6	94.12	True	JXWIAPKFE5ZDUYVTNBSCHRMQ	22	4.10403952609	4.10403952609	-5.60622225078	1.50218272469	3.68846188901	3.80137398766	False	2	9	17	9	22	8	24	19	4	13	2	6	20	12	15	10	5	3	21	23	16	11	14	1	7	18	0
charlieEndogenous	dot-jump	False	92	circle	1024	768	1.16079767166	70.6	94.12	True	IXJCWDRFSTU6QVEMLBAHKZYP	13	0.0	-5.80398835832	5.60622225078	-1.50218272469	0.263461563501	-5.15631917138	False	3	11	5	17	4	13	2	9	21	3	10	22	15	18	8	20	12	14	6	11	7	23	24	16	1	19	0
charlieEndogenous	dot-jump	False	93	circle	1024	768	1.16079767166	70.6	94.12	True	TSIUEHQRFWMNX4PLZJBCADKV	10	-4.10403952609	-4.10403952609	-5.02640136157	2.90199417916	-3.98956081873	-3.95192345251	False	16	13	2	6	21	9	13	24	8	4	11	1	7	23	14	5	15	12	10	17	3	16	20	18	22	19	0
charlieEndogenous	dot-jump	False	94	circle	1024	768	1.16079767166	70.6	94.12	True	PRVZTKBDHL2CAEFIUJSXWMNY	3	-2.90199417916	5.02640136157	5.80398835832	0.0	-3.01098929715	5.04340707273	False	11	10	22	5	10	14	20	18	17	12	13	1	19	3	21	4	6	11	15	7	23	24	16	8	9	2	0
charlieEndogenous	dot-jump	False	95	circle	1024	768	1.16079767166	70.6	94.12	True	VAWMFSQY8KDNJEBCRLHZTPIU	15	2.90199417916	-5.02640136157	5.80398835832	0.0	3.23681349444	-5.41978073488	False	13	8	23	6	9	8	14	13	11	22	19	16	18	12	24	15	1	2	5	10	3	17	7	4	21	20	0
charlieEndogenous	dot-jump	False	96	circle	1024	768	1.16079767166	70.6	94.12	True	BAYJTVCWLMHQDUP2RINKZEFS	3	-2.90199417916	5.02640136157	5.60622225078	1.50218272469	-2.8604398323	4.93049497409	False	0	15	3	18	7	16	24	22	9	6	8	4	19	14	23	21	17	20	2	12	5	10	1	11	13	15	0
charlieEndogenous	dot-jump	False	97	circle	1024	768	1.16079767166	70.6	94.12	True	WLDIZSKTFBXV2PJCMUHQYEAN	14	1.50218272469	-5.60622225078	5.60622225078	-1.50218272469	1.27967045129	-5.79615439702	False	20	12	15	20	22	1	12	17	8	2	10	6	4	19	18	7	9	24	13	3	16	11	14	5	21	23	0
charlieEndogenous	dot-jump	False	98	circle	1024	768	1.16079767166	70.6	94.12	True	IVYNDJHUQLCMESFR8PXTAKBW	22	4.10403952609	4.10403952609	1.50218272469	5.60622225078	3.76373662144	3.95192345251	False	17	16	20	15	8	11	18	21	1	6	17	12	4	2	14	5	16	9	24	22	7	10	13	23	3	19	0
charlieEndogenous	dot-jump	False	99	circle	1024	768	1.16079767166	70.6	94.12	True	BCEUXAHPJYMLVWFQ7IDRTZNS	4	-4.10403952609	4.10403952609	5.02640136157	-2.90199417916	-3.80137398766	4.10247291737	False	21	16	15	19	20	9	18	8	21	24	13	6	1	7	12	16	14	11	17	3	5	22	10	4	23	2	0
charlieEndogenous	dot-jump	False	100	circle	1024	768	1.16079767166	70.6	94.12	True	XPDELWVFSHUAQIC7JTMBNYKR	20	5.60622225078	1.50218272469	0.0	-5.80398835832	5.87142912945	1.3173078175	False	16	15	1	22	11	14	19	10	4	24	7	16	17	15	9	8	21	13	20	12	2	3	5	18	23	6	0
charlieEndogenous	dot-jump	False	101	circle	1024	768	1.16079767166	70.6	94.12	True	QVXLJTWDASHRBI7FKCMPENZU	22	4.10403952609	4.10403952609	-5.60622225078	-1.50218272469	3.95192345251	4.02719818494	False	15	14	10	13	19	2	23	7	4	24	20	9	18	17	12	16	8	22	6	5	3	15	11	1	14	21	0
charlieEndogenous	dot-jump	False	102	circle	1024	768	1.16079767166	70.6	94.12	True	PJYZLBNK6EWSFRUVAXHMDTQI	14	1.50218272469	-5.60622225078	5.02640136157	2.90199417916	1.65604411343	-5.49505546731	False	2	8	7	18	14	16	22	12	17	9	21	3	23	11	6	24	13	4	15	10	1	2	20	8	19	5	0
charlieEndogenous	dot-jump	False	103	circle	1024	768	1.16079767166	70.6	94.12	True	UEBTKXHCPIFY8MSRVQAWNLDJ	24	1.50218272469	5.60622225078	0.0	5.80398835832	1.43021991615	5.83379176324	False	17	12	13	5	14	12	6	8	7	3	17	21	15	16	1	10	2	23	4	24	18	9	11	20	22	19	0
charlieEndogenous	dot-jump	False	104	circle	1024	768	1.16079767166	70.6	94.12	True	YLIHXFDUN4ZWEPMKRQVTSJCA	21	5.02640136157	2.90199417916	2.90199417916	5.02640136157	4.74230814302	2.37115407151	False	12	9	9	20	16	17	5	18	3	2	15	23	10	4	21	8	14	13	22	6	12	19	24	1	7	11	0
charlieEndogenous	dot-jump	False	105	circle	1024	768	1.16079767166	70.6	94.12	True	CQJXNFVWBUM3YEDHLPZTRSIK	12	-1.50218272469	-5.60622225078	2.90199417916	-5.02640136157	-1.053846254	-5.15631917138	False	15	11	20	18	19	4	13	24	1	16	8	3	22	15	21	14	7	12	5	11	2	6	17	23	10	9	0
charlieEndogenous	dot-jump	False	106	circle	1024	768	1.16079767166	70.6	94.12	True	YPJLTWXHCI8EMVZQDANFUSKR	14	1.50218272469	-5.60622225078	2.90199417916	-5.02640136157	1.3173078175	-5.34450600245	False	17	10	17	10	19	24	6	9	7	1	21	23	15	5	12	13	3	16	2	14	22	11	8	4	18	20	0
charlieEndogenous	dot-jump	False	107	circle	1024	768	1.16079767166	70.6	94.12	True	VJMIZNDLRHTES4UQBCFAPYXW	19	5.80398835832	0.0	-5.60622225078	1.50218272469	5.60796756595	0.150549464858	False	12	13	24	14	10	5	18	17	2	16	3	21	15	8	19	6	20	11	9	4	12	7	13	1	22	23	0
charlieEndogenous	dot-jump	False	108	circle	1024	768	1.16079767166	70.6	94.12	True	JXAPFLHWSZYDIK2VUNRECBMT	3	-2.90199417916	5.02640136157	-5.02640136157	2.90199417916	-2.5969782688	4.77994550923	False	21	14	21	19	13	22	24	7	18	8	14	9	23	12	15	20	5	10	6	1	16	17	11	3	2	4	0
charlieEndogenous	dot-jump	False	109	circle	1024	768	1.16079767166	70.6	94.12	True	UBFNWJQA4SDXKEVYHRIPMCZL	15	2.90199417916	-5.02640136157	-4.10403952609	-4.10403952609	2.8604398323	-5.19395653759	False	0	8	15	17	13	19	9	7	14	22	10	11	8	1	20	24	4	5	6	21	3	2	18	12	23	16	0
charlieEndogenous	dot-jump	False	110	circle	1024	768	1.16079767166	70.6	94.12	True	ZXPUCJNEYVH2FBQSDMRIAKWT	4	-4.10403952609	4.10403952609	2.90199417916	5.02640136157	-3.83901135387	3.83901135387	False	15	11	24	13	5	12	21	3	1	15	16	8	2	23	9	17	6	4	18	11	19	10	14	7	22	20	0
charlieEndogenous	dot-jump	False	111	circle	1024	768	1.16079767166	70.6	94.12	True	BWIXUCNVE8ADHSRMFZLTJPQK	14	1.50218272469	-5.60622225078	5.60622225078	1.50218272469	1.99478040936	-5.72087966459	False	14	9	1	7	22	8	17	6	21	23	18	20	12	4	11	15	14	13	24	10	16	19	5	9	3	2	0
charlieEndogenous	dot-jump	False	112	circle	1024	768	1.16079767166	70.6	94.12	True	ASPYWBHKRCVQEFD8ULIZNMJT	17	5.02640136157	-2.90199417916	4.10403952609	-4.10403952609	4.47884657952	-2.8604398323	False	14	15	11	21	6	14	2	5	7	18	9	13	15	23	24	20	17	16	4	1	8	22	10	12	3	19	0
charlieEndogenous	dot-jump	False	113	circle	1024	768	1.16079767166	70.6	94.12	True	KDLCXRZMTSVW2NAIEUYFHPBJ	4	-4.10403952609	4.10403952609	-2.90199417916	5.02640136157	-4.40357184709	3.87664872009	False	17	12	1	9	2	16	20	21	17	22	10	12	15	23	3	5	19	14	8	4	7	24	18	13	11	6	0
charlieEndogenous	dot-jump	False	114	circle	1024	768	1.16079767166	70.6	94.12	True	RMAUITSHEZ2PQCDNLVWXYFKJ	23	2.90199417916	5.02640136157	1.50218272469	5.60622225078	3.1239013958	4.85522024166	False	13	10	13	21	4	19	16	11	9	5	17	14	24	2	8	23	15	6	3	22	20	12	1	10	18	7	0
charlieEndogenous	dot-jump	False	115	circle	1024	768	1.16079767166	70.6	94.12	True	FNLHXDIJKMWZTUYS7QVCBEAP	15	2.90199417916	-5.02640136157	2.90199417916	-5.02640136157	3.19917612823	-4.77994550923	True	16	16	12	17	21	19	7	4	13	5	14	6	16	8	23	18	1	22	15	3	20	10	11	9	2	24	0
charlieEndogenous	dot-jump	False	116	circle	1024	768	1.16079767166	70.6	94.12	True	ZYKEWQHSMRIXU3JLNTPCBDVA	10	-4.10403952609	-4.10403952609	4.10403952609	-4.10403952609	-3.50027505794	-3.76373662144	False	16	13	15	19	23	24	7	4	3	11	6	5	13	1	20	16	2	14	10	17	9	21	22	12	8	18	0
charlieEndogenous	dot-jump	False	117	circle	1024	768	1.16079767166	70.6	94.12	True	TUDXKQHI5RZJSYBELMACFVNP	15	2.90199417916	-5.02640136157	2.90199417916	5.02640136157	2.89807719851	-5.38214336866	False	10	8	18	21	12	16	20	9	8	13	23	22	15	4	2	10	17	14	24	7	5	11	6	19	1	3	0
charlieEndogenous	dot-jump	False	118	circle	1024	768	1.16079767166	70.6	94.12	True	ZVDLYXNATQPKFS7EUJRWBCMI	23	2.90199417916	5.02640136157	4.10403952609	-4.10403952609	2.67225300122	5.04340707273	False	17	14	11	22	17	15	3	4	6	21	13	12	1	5	14	8	16	10	2	23	9	24	20	19	7	18	0
charlieEndogenous	dot-jump	False	119	circle	1024	768	1.16079767166	70.6	94.12	True	FNXKSAZYRQT6DLBMPWCVEUHI	20	5.60622225078	1.50218272469	-5.02640136157	-2.90199417916	5.38214336866	1.58076938101	False	18	11	3	24	12	6	17	11	10	4	5	23	21	9	1	8	22	19	14	13	20	7	16	2	18	15	0
charlieEndogenous	dot-jump	False	120	circle	1024	768	1.16079767166	70.6	94.12	True	UDPVMZAXWL6SFBQKETCRJNYH	13	0.0	-5.80398835832	-5.02640136157	2.90199417916	0.526923127002	-5.19395653759	False	9	10	8	19	4	17	2	23	14	21	22	13	5	10	12	6	9	15	11	3	16	1	20	7	18	24	0
charlieEndogenous	dot-jump	False	121	circle	1024	768	1.16079767166	70.6	94.12	True	VZMYSFXDUBHK8PLTINWQRECJ	22	4.10403952609	4.10403952609	-2.90199417916	5.02640136157	4.1777476498	3.9142860863	False	11	12	19	6	11	15	12	4	18	5	8	13	9	22	3	21	17	20	24	7	14	2	10	1	23	16	0
charlieEndogenous	dot-jump	False	122	circle	1024	768	1.16079767166	70.6	94.12	True	NBVFXLDIJ9RCWZKHEYPTQSUA	10	-4.10403952609	-4.10403952609	0.0	-5.80398835832	-4.14011028359	-4.36593448087	False	14	9	22	11	4	3	7	15	2	17	14	13	8	6	20	19	10	1	21	16	12	23	24	9	18	5	0
charlieEndogenous	dot-jump	False	123	circle	1024	768	1.16079767166	70.6	94.12	True	TSHPYMWRXUVFQEL6NABKCIZD	3	-2.90199417916	5.02640136157	-2.90199417916	5.02640136157	-2.52170353637	4.74230814302	True	15	15	22	16	19	1	2	18	4	23	13	7	11	9	15	21	10	3	5	6	14	8	17	24	20	12	0
charlieEndogenous	dot-jump	False	124	circle	1024	768	1.16079767166	70.6	94.12	True	FCZTRYHJBKAMLNIQ7VXDUSPE	1	0.0	5.80398835832	-5.60622225078	1.50218272469	-0.0376373662144	5.75851703081	False	13	16	22	9	17	21	14	5	7	11	23	20	4	16	15	1	10	13	6	24	2	12	8	19	3	18	0
charlieEndogenous	dot-jump	False	125	circle	1024	768	1.16079767166	70.6	94.12	True	FETHCSJBDWRQI5XYAKNVUZPL	4	-4.10403952609	4.10403952609	-4.10403952609	4.10403952609	-3.72609925523	4.10247291737	True	13	13	14	3	18	9	11	13	8	23	16	6	19	15	1	4	12	7	5	22	10	24	17	20	2	21	0
charlieEndogenous	dot-jump	False	126	circle	1024	768	1.16079767166	70.6	94.12	True	RAXLDUKCSFIJ4QHEYMVWTPBZ	14	1.50218272469	-5.60622225078	0.0	-5.80398835832	1.91950567694	-6.7747259186	False	20	12	22	11	12	1	3	8	19	7	18	20	2	10	13	5	23	17	6	15	21	4	14	9	24	16	0
charlieEndogenous	dot-jump	False	127	circle	1024	768	1.16079767166	70.6	94.12	True	BTAHRUEQKZJMNXW6VPIFSLDC	12	-1.50218272469	-5.60622225078	-5.60622225078	-1.50218272469	-1.65604411343	-5.34450600245	False	20	15	10	16	19	6	23	15	14	2	18	4	20	5	13	17	11	8	3	21	9	1	12	24	7	22	0
charlieEndogenous	dot-jump	False	128	circle	1024	768	1.16079767166	70.6	94.12	True	WBNEQLCDR7TZYJVUHXFKIPMA	15	2.90199417916	-5.02640136157	1.50218272469	-5.60622225078	2.89807719851	-4.93049497409	False	3	9	2	6	16	15	19	18	3	7	4	14	1	21	11	13	24	23	20	12	9	10	17	22	5	8	0
charlieEndogenous	dot-jump	False	129	circle	1024	768	1.16079767166	70.6	94.12	True	MVDHPLRXBUE9JSFYICTKWQNZ	21	5.02640136157	2.90199417916	-1.50218272469	-5.60622225078	4.7046707768	2.70989036744	False	0	11	21	14	1	7	16	9	8	3	20	22	6	12	19	11	23	24	17	2	4	10	15	18	13	5	0
charlieEndogenous	dot-jump	False	130	circle	1024	768	1.16079767166	70.6	94.12	True	DFJQTAEWVM3BSLKNZIHRXCYP	17	5.02640136157	-2.90199417916	0.0	-5.80398835832	4.7046707768	-2.93571456472	False	11	10	4	15	8	16	18	6	11	23	22	10	13	17	5	21	24	2	20	19	7	1	3	9	12	14	0
charlieEndogenous	dot-jump	False	131	circle	1024	768	1.16079767166	70.6	94.12	True	DKCLBHEYSPZTV4WFAXINUJQR	10	-4.10403952609	-4.10403952609	2.90199417916	-5.02640136157	-3.80137398766	-3.83901135387	False	20	13	3	5	12	6	11	8	23	1	14	20	22	19	24	15	16	2	13	9	18	7	10	17	4	21	0
charlieEndogenous	dot-jump	False	132	circle	1024	768	1.16079767166	70.6	94.12	True	UABLDFVI3SKEYPZHTCMWXQRN	21	5.02640136157	2.90199417916	-1.50218272469	5.60622225078	5.04340707273	2.74752773365	False	15	8	10	6	9	23	8	5	11	14	2	12	13	18	19	1	24	21	15	22	7	3	17	20	16	4	0
charlieEndogenous	dot-jump	False	133	circle	1024	768	1.16079767166	70.6	94.12	True	VNYFQHJLPBIAXMCU9WSDEZKR	22	4.10403952609	4.10403952609	-2.90199417916	5.02640136157	3.95192345251	3.80137398766	False	20	16	6	17	13	23	1	14	12	11	19	15	20	16	2	7	24	8	3	10	21	4	22	9	5	18	0
charlieEndogenous	dot-jump	False	134	circle	1024	768	1.16079767166	70.6	94.12	True	MQJPRUCASVFLNE2KZTHBIWYD	5	-5.02640136157	2.90199417916	5.80398835832	0.0	-4.77994550923	2.67225300122	False	8	14	8	10	14	1	13	16	3	7	5	18	12	21	2	22	19	24	17	9	6	20	4	23	11	15	0
charlieEndogenous	dot-jump	False	135	circle	1024	768	1.16079767166	70.6	94.12	True	FASMHKNYBWZ6VIQUJXPTREDC	11	-2.90199417916	-5.02640136157	4.10403952609	-4.10403952609	-2.8604398323	-5.49505546731	False	12	11	15	3	5	10	4	18	9	13	6	24	1	16	11	19	17	20	23	21	12	2	8	22	14	7	0
charlieEndogenous	dot-jump	False	136	circle	1024	768	1.16079767166	70.6	94.12	True	VULCSXIQ5DENAJFRPTBYMWHZ	6	-5.60622225078	1.50218272469	5.02640136157	2.90199417916	0.0	0.0	False	1	8	11	6	2	10	15	8	23	14	21	12	17	16	22	19	20	1	4	7	5	9	3	24	18	13	0
charlieEndogenous	dot-jump	False	137	circle	1024	768	1.16079767166	70.6	94.12	True	AHRIQKDVW3ULJPCFXTZMEBSN	15	2.90199417916	-5.02640136157	5.02640136157	-2.90199417916	3.1239013958	-5.15631917138	False	21	9	8	1	2	5	16	24	7	9	4	17	6	14	19	21	20	22	13	10	18	3	12	15	23	11	0
charlieEndogenous	dot-jump	False	138	circle	1024	768	1.16079767166	70.6	94.12	True	STFQWAZNEIBHP3DYVJKULRMX	9	-5.02640136157	-2.90199417916	1.50218272469	-5.60622225078	-5.08104443895	-2.67225300122	False	18	13	13	19	11	4	12	21	6	16	22	17	10	1	15	14	2	23	5	24	9	18	3	20	8	7	0
charlieEndogenous	dot-jump	False	139	circle	1024	768	1.16079767166	70.6	94.12	True	DMYFNTBQLZKIWEX3AJCHUVPS	16	4.10403952609	-4.10403952609	1.50218272469	-5.60622225078	4.10247291737	-3.98956081873	False	3	15	21	1	11	16	7	19	9	6	23	18	8	10	15	12	2	14	5	3	20	4	13	17	24	22	0
charlieEndogenous	dot-jump	False	140	circle	1024	768	1.16079767166	70.6	94.12	True	TQUBMDWHYFVXEJSN7CPIALRZ	23	2.90199417916	5.02640136157	-5.80398835832	0.0	2.74752773365	4.81758287545	False	14	16	13	18	14	16	1	9	4	6	15	10	21	2	20	8	23	3	7	5	22	12	17	19	24	11	0
charlieEndogenous	dot-jump	False	141	circle	1024	768	1.16079767166	70.6	94.12	True	EJTQARSZUL2KWNDPHYCIXBFM	16	4.10403952609	-4.10403952609	1.50218272469	-5.60622225078	4.47884657952	-4.62939604437	False	14	10	19	23	22	3	5	18	21	24	11	15	14	17	2	7	16	8	13	6	20	1	9	4	10	12	0
charlieEndogenous	dot-jump	False	142	circle	1024	768	1.16079767166	70.6	94.12	True	CTKWYHQBNEIP2VZASRFMUJLX	22	4.10403952609	4.10403952609	-2.90199417916	5.02640136157	3.76373662144	3.76373662144	False	14	12	7	10	15	4	6	2	9	19	12	1	23	18	3	11	22	16	5	13	20	8	24	14	17	21	0
charlieEndogenous	dot-jump	False	143	circle	1024	768	1.16079767166	70.6	94.12	True	JZNLPMIHXWEVKF3SDRUQATCY	2	-1.50218272469	5.60622225078	-5.02640136157	2.90199417916	-1.43021991615	5.34450600245	False	8	14	9	3	7	8	14	18	10	11	2	20	23	15	21	19	5	6	1	17	12	22	13	4	16	24	0
charlieEndogenous	dot-jump	False	144	circle	1024	768	1.16079767166	70.6	94.12	True	WYPUZKMCJIXTNSBV7FRAEDLQ	22	4.10403952609	4.10403952609	5.80398835832	0.0	4.51648394573	4.14011028359	False	17	16	17	8	13	6	20	21	10	12	7	14	3	16	11	5	24	18	19	22	2	1	4	23	9	15	0
charlieEndogenous	dot-jump	False	145	circle	1024	768	1.16079767166	70.6	94.12	True	XCADTLMPKZB8UFHJYNVEIQWR	15	2.90199417916	-5.02640136157	1.50218272469	-5.60622225078	2.78516509987	-5.04340707273	False	20	11	13	20	10	22	16	8	3	7	17	18	4	14	5	2	1	23	24	21	11	12	15	6	9	19	0
charlieEndogenous	dot-jump	False	146	circle	1024	768	1.16079767166	70.6	94.12	True	AIFQPZXK8UYNHBCVMJTLWSRE	12	-1.50218272469	-5.60622225078	-4.10403952609	4.10403952609	-1.61840674722	-5.72087966459	False	16	8	10	18	11	5	14	24	15	17	4	21	16	3	20	2	7	23	12	19	22	8	9	1	6	13	0
charlieEndogenous	dot-jump	False	147	circle	1024	768	1.16079767166	70.6	94.12	True	DXYIPWQUMJTNA8BSVZRKECLF	12	-1.50218272469	-5.60622225078	5.60622225078	1.50218272469	-1.54313201479	-5.41978073488	False	12	13	13	6	10	3	5	18	11	9	15	24	1	22	12	20	21	2	16	4	19	8	14	17	7	23	0
charlieEndogenous	dot-jump	False	148	circle	1024	768	1.16079767166	70.6	94.12	True	JHTWSBFCUIDNMQ6REYLAVKPZ	22	4.10403952609	4.10403952609	5.02640136157	2.90199417916	4.14011028359	4.1777476498	False	15	14	16	11	4	19	23	8	13	2	12	1	10	18	7	24	21	22	15	5	9	6	3	14	20	17	0
charlieEndogenous	dot-jump	False	149	circle	1024	768	1.16079767166	70.6	94.12	True	SUBXEKIZF3YCDLPWRANJMVHQ	3	-2.90199417916	5.02640136157	-5.02640136157	-2.90199417916	-2.97335193094	4.77994550923	False	20	9	24	12	5	18	1	23	19	20	8	9	2	6	10	21	17	4	13	22	15	14	3	11	16	7	0
charlieEndogenous	dot-jump	False	150	circle	1024	768	1.16079767166	70.6	94.12	True	ISAYWTJXPMZB4NEDQVRLCFKH	23	2.90199417916	5.02640136157	1.50218272469	5.60622225078	2.93571456472	4.55412131195	False	8	12	21	4	10	22	15	16	9	12	23	5	18	20	24	14	3	7	1	8	19	11	13	17	2	6	0
charlieEndogenous	dot-jump	False	151	circle	1024	768	1.16079767166	70.6	94.12	True	KBRYIUALSD8CZTEXNPMQFHWV	9	-5.02640136157	-2.90199417916	-4.10403952609	4.10403952609	-4.81758287545	-2.52170353637	False	18	10	2	18	6	21	7	11	5	16	19	13	4	3	23	12	22	1	15	24	9	14	20	10	17	8	0
charlieEndogenous	dot-jump	False	152	circle	1024	768	1.16079767166	70.6	94.12	True	WXYDVTLJNZEMCHU5QIRFAPBK	24	1.50218272469	5.60622225078	-4.10403952609	4.10403952609	1.54313201479	5.04340707273	False	12	15	21	3	9	2	6	18	19	5	23	20	10	11	24	14	7	4	16	13	1	22	17	15	12	8	0
charlieEndogenous	dot-jump	False	153	circle	1024	768	1.16079767166	70.6	94.12	True	ERFMLNKCBT5SJPQHIZUYADWV	11	-2.90199417916	-5.02640136157	2.90199417916	-5.02640136157	-2.63461563501	-5.08104443895	False	16	10	17	6	1	8	5	7	23	13	24	10	15	2	18	16	4	19	11	21	3	22	20	14	12	9	0
charlieEndogenous	dot-jump	False	154	circle	1024	768	1.16079767166	70.6	94.12	True	QRBXTKZWCHYVN9SPEIALDJFU	14	1.50218272469	-5.60622225078	-1.50218272469	5.60622225078	1.46785728236	-5.72087966459	False	17	13	9	16	7	3	17	23	21	18	8	15	20	4	10	2	13	24	19	14	6	5	11	12	1	22	0
charlieEndogenous	dot-jump	False	155	circle	1024	768	1.16079767166	70.6	94.12	True	VIPXADQLMZS7FEWRHBJYTKNC	11	-2.90199417916	-5.02640136157	0.0	-5.80398835832	-2.89807719851	-4.9681323403	False	21	11	2	7	3	1	20	5	4	21	17	19	23	13	15	12	10	24	8	9	14	22	16	11	18	6	0
charlieEndogenous	dot-jump	False	156	circle	1024	768	1.16079767166	70.6	94.12	True	BXFQMYLNPSEV1DUAHICWTKZR	24	1.50218272469	5.60622225078	0.0	5.80398835832	1.54313201479	5.79615439702	False	16	12	4	10	6	7	15	23	8	11	17	12	3	5	1	22	2	9	24	19	16	14	21	18	20	13	0
charlieEndogenous	dot-jump	False	157	circle	1024	768	1.16079767166	70.6	94.12	True	CINQPVZETFASYU4LWRXBDMKJ	13	0.0	-5.80398835832	1.50218272469	-5.60622225078	0.602197859431	-5.75851703081	False	22	14	11	10	8	3	1	7	21	15	20	23	22	24	19	9	14	6	18	2	12	17	16	5	13	4	0
charlieEndogenous	dot-jump	False	158	circle	1024	768	1.16079767166	70.6	94.12	True	MACIBKFX7ZUSELHYVDPWTNQR	1	0.0	5.80398835832	0.0	-5.80398835832	0.301098929715	5.45741810109	False	11	8	20	23	10	19	18	5	11	4	13	24	3	1	9	2	6	7	15	14	17	12	22	16	21	8	0
charlieEndogenous	dot-jump	False	159	circle	1024	768	1.16079767166	70.6	94.12	True	RVUEHACKPYMXQLWF8TNDIJZB	3	-2.90199417916	5.02640136157	-4.10403952609	4.10403952609	-2.5969782688	4.74230814302	False	22	16	11	6	10	9	14	18	1	22	8	17	24	2	16	15	13	5	4	23	21	19	7	20	3	12	0
charlieEndogenous	dot-jump	False	160	circle	1024	768	1.16079767166	70.6	94.12	True	SBYDNVLJM2RPWKUTQEFXICZA	19	5.80398835832	0.0	-5.02640136157	2.90199417916	6.36071489024	0.301098929715	False	11	9	23	20	17	1	9	6	4	14	10	5	21	19	7	3	8	11	18	24	16	2	22	12	13	15	0
charlieEndogenous	dot-jump	False	161	circle	1024	768	1.16079767166	70.6	94.12	True	CKVQJBWHTIXMSLU7NEDZPFRY	21	5.02640136157	2.90199417916	5.02640136157	2.90199417916	5.00576970652	2.8604398323	True	15	15	23	22	8	4	6	2	20	12	5	15	13	7	3	19	11	21	16	10	14	24	18	9	1	17	0
charlieEndogenous	dot-jump	False	162	circle	1024	768	1.16079767166	70.6	94.12	True	YHEXNVIFLUWCJ9RPKQMSTBZD	24	1.50218272469	5.60622225078	-1.50218272469	-5.60622225078	1.58076938101	5.2315939038	False	15	13	4	10	23	7	6	21	3	8	5	15	16	13	9	12	22	24	1	2	14	20	11	18	17	19	0
charlieEndogenous	dot-jump	False	163	circle	1024	768	1.16079767166	70.6	94.12	True	CQSZNFXD2AMHRJPUWVELITYB	10	-4.10403952609	-4.10403952609	4.10403952609	-4.10403952609	-4.1777476498	-4.62939604437	False	5	8	22	3	18	2	1	10	23	15	16	7	24	6	13	14	12	9	20	19	8	5	11	4	21	17	0
charlieEndogenous	dot-jump	False	164	circle	1024	768	1.16079767166	70.6	94.12	True	CFNLAZUKI9PSYDRBMVWEQTHX	22	4.10403952609	4.10403952609	4.10403952609	4.10403952609	3.9142860863	4.36593448087	True	9	9	5	11	7	19	24	10	4	8	13	22	1	18	21	9	23	14	16	3	17	6	12	20	2	15	0
charlieEndogenous	dot-jump	False	165	circle	1024	768	1.16079767166	70.6	94.12	True	LEWUFAVMQTJPBX9IYCRKDHNZ	14	1.50218272469	-5.60622225078	-4.10403952609	-4.10403952609	1.95714304315	-5.2315939038	False	22	14	24	8	5	1	16	7	15	4	17	11	20	19	9	12	10	22	6	2	21	3	23	13	14	18	0
charlieEndogenous	dot-jump	False	166	circle	1024	768	1.16079767166	70.6	94.12	True	AZPIYJBENCQDVMUF5TSLXHRW	3	-2.90199417916	5.02640136157	5.02640136157	2.90199417916	-3.08626402958	5.41978073488	False	7	16	10	6	2	7	12	16	5	3	20	8	9	22	17	13	23	18	21	19	4	15	24	1	14	11	0
charlieEndogenous	dot-jump	False	167	circle	1024	768	1.16079767166	70.6	94.12	True	RSBXKJLZQYN9WFCDPATIUMVE	22	4.10403952609	4.10403952609	-4.10403952609	-4.10403952609	3.83901135387	3.6508245228	False	9	11	19	23	3	21	15	5	12	13	9	22	7	10	16	17	24	8	14	1	20	6	2	11	4	18	0
charlieEndogenous	dot-jump	False	168	circle	1024	768	1.16079767166	70.6	94.12	True	UDVEZSYKJHFCXWR2QBPTILMN	19	5.80398835832	0.0	1.50218272469	-5.60622225078	5.34450600245	0.112912098643	False	20	15	18	20	13	1	24	23	5	6	7	4	16	2	15	11	9	14	8	22	17	21	19	12	3	10	0
charlieEndogenous	dot-jump	False	169	circle	1024	768	1.16079767166	70.6	94.12	True	KCIMBSAFYT3HPNZJVDQEUWRX	4	-4.10403952609	4.10403952609	-2.90199417916	-5.02640136157	-4.29065974844	3.68846188901	False	0	10	4	19	16	3	8	12	22	9	24	2	11	5	18	13	21	17	7	20	6	23	15	14	10	1	0
charlieEndogenous	dot-jump	False	170	circle	1024	768	1.16079767166	70.6	94.12	True	LDTVXJIBYQMA9UZRSCNWEFPK	24	1.50218272469	5.60622225078	1.50218272469	5.60622225078	1.50549464858	5.53269283352	True	12	12	18	16	21	22	19	1	8	23	9	6	14	15	24	10	11	2	5	13	17	20	3	12	7	4	0
charlieEndogenous	dot-jump	False	171	circle	1024	768	1.16079767166	70.6	94.12	True	SKTJMDYVE7RQNAUIPFZHCXWB	6	-5.60622225078	1.50218272469	4.10403952609	-4.10403952609	0.0	0.0	False	17	9	9	11	15	19	13	12	3	17	21	16	8	2	23	14	10	18	20	6	5	4	24	7	22	1	0
charlieEndogenous	dot-jump	False	172	circle	1024	768	1.16079767166	70.6	94.12	True	LKATVJRWYFND3UCBSPEIHZQM	4	-4.10403952609	4.10403952609	-4.10403952609	4.10403952609	-3.9142860863	3.98956081873	True	12	12	9	7	19	22	2	23	8	15	17	21	14	13	4	18	12	10	24	20	5	6	11	16	3	1	0
charlieEndogenous	dot-jump	False	173	circle	1024	768	1.16079767166	70.6	94.12	True	KIPUMNAJXQYFD6LTERVSBHZC	23	2.90199417916	5.02640136157	-1.50218272469	5.60622225078	2.89807719851	5.04340707273	False	15	13	20	24	10	21	4	19	15	1	11	6	16	22	13	2	3	23	9	14	5	18	7	8	17	12	0
charlieEndogenous	dot-jump	False	174	circle	1024	768	1.16079767166	70.6	94.12	True	MRZEQNYDPJFIVSTB3XHLCUWK	18	5.60622225078	-1.50218272469	0.0	5.80398835832	5.79615439702	-1.65604411343	False	14	16	16	5	3	12	2	8	23	10	20	13	6	21	24	4	18	9	1	15	11	22	19	7	14	17	0
charlieEndogenous	dot-jump	False	175	circle	1024	768	1.16079767166	70.6	94.12	True	HKMFQJUBXAL4YNVPWCRZSTED	15	2.90199417916	-5.02640136157	4.10403952609	-4.10403952609	2.82280246608	-5.34450600245	False	15	11	19	8	2	20	5	18	9	14	12	23	13	16	4	1	11	15	21	24	3	7	22	10	17	6	0
charlieEndogenous	dot-jump	False	176	circle	1024	768	1.16079767166	70.6	94.12	True	EFQKMTRZJBWHVP1SIAXDNLYC	3	-2.90199417916	5.02640136157	-5.80398835832	0.0	-3.19917612823	5.2315939038	False	19	14	15	6	17	9	18	5	13	12	23	21	10	22	14	8	7	19	4	16	20	3	2	24	11	1	0
charlieEndogenous	dot-jump	False	177	circle	1024	768	1.16079767166	70.6	94.12	True	HFVDMNEZ7SYIJBACKRUWPQTX	15	2.90199417916	-5.02640136157	2.90199417916	-5.02640136157	2.89807719851	-4.85522024166	True	8	8	1	14	6	7	12	2	4	11	15	8	17	18	20	13	22	10	23	19	16	3	21	5	9	24	0
charlieEndogenous	dot-jump	False	178	circle	1024	768	1.16079767166	70.6	94.12	True	RQALPJDZBK1VTCNEHXUSWIFM	3	-2.90199417916	5.02640136157	-5.60622225078	1.50218272469	-2.52170353637	4.74230814302	False	18	10	21	11	1	10	19	22	9	15	8	16	6	13	4	14	5	17	2	20	3	24	18	12	7	23	0
charlieEndogenous	dot-jump	False	179	circle	1024	768	1.16079767166	70.6	94.12	True	LZNVBTJDEHKXCIM4PSAQFRWU	11	-2.90199417916	-5.02640136157	-2.90199417916	5.02640136157	-2.8604398323	-4.59175867816	False	23	15	1	22	14	19	24	20	8	15	18	2	13	16	21	10	17	3	12	23	9	4	6	5	7	11	0
charlieEndogenous	dot-jump	False	180	circle	1024	768	1.16079767166	70.6	94.12	True	IEBYFNURCJM8WPTKLVZADQXH	11	-2.90199417916	-5.02640136157	-5.80398835832	0.0	-2.8604398323	-4.93049497409	False	16	11	19	24	14	9	6	17	12	22	21	3	5	7	13	18	8	10	11	23	2	15	20	4	16	1	0
charlieEndogenous	dot-jump	False	181	circle	1024	768	1.16079767166	70.6	94.12	True	NLZJITDB5EQKVPFXCHRMUAWS	17	5.02640136157	-2.90199417916	4.10403952609	-4.10403952609	5.34450600245	-2.82280246608	False	23	8	13	23	12	4	24	18	7	2	16	14	9	10	5	3	19	22	15	6	11	20	1	8	21	17	0
charlieEndogenous	dot-jump	False	182	circle	1024	768	1.16079767166	70.6	94.12	True	SCHIKNJEALTFVM8UPXBWDQYZ	24	1.50218272469	5.60622225078	-5.60622225078	-1.50218272469	1.01620888779	5.38214336866	False	13	14	13	5	6	11	14	12	15	9	19	23	10	22	2	24	8	1	3	21	4	18	16	7	17	20	0
charlieEndogenous	dot-jump	False	183	circle	1024	768	1.16079767166	70.6	94.12	True	SCKLVIQRUZAPW1HYTJFBXDNE	4	-4.10403952609	4.10403952609	-1.50218272469	5.60622225078	-4.10247291737	4.14011028359	False	7	13	19	1	13	9	24	17	20	4	18	11	15	21	22	2	23	3	12	7	8	6	16	5	14	10	0
charlieEndogenous	dot-jump	False	184	circle	1024	768	1.16079767166	70.6	94.12	True	RLMADKVPF7EYZINUCSHBJQXW	15	2.90199417916	-5.02640136157	2.90199417916	5.02640136157	3.08626402958	-4.62939604437	False	1	9	16	15	20	8	4	21	2	6	19	23	12	17	9	22	7	14	11	18	24	3	1	13	5	10	0
charlieEndogenous	dot-jump	False	185	circle	1024	768	1.16079767166	70.6	94.12	True	ARCQXZLPUBKM2YHSTFDVNEJI	24	1.50218272469	5.60622225078	1.50218272469	5.60622225078	1.43021991615	5.2315939038	True	12	12	22	10	15	9	23	16	20	18	19	1	8	12	24	13	3	5	7	2	17	4	6	21	11	14	0
charlieEndogenous	dot-jump	False	186	circle	1024	768	1.16079767166	70.6	94.12	True	INSFPAMEKCLUHRJZ4DXQVWYT	14	1.50218272469	-5.60622225078	2.90199417916	-5.02640136157	2.18296724044	-5.41978073488	False	2	16	1	7	14	22	19	9	20	16	12	17	2	24	13	4	18	11	15	8	10	23	5	21	6	3	0
charlieEndogenous	dot-jump	False	187	circle	1024	768	1.16079767166	70.6	94.12	True	BDJCKAPZSNMLWRE5YFUXIVHQ	12	-1.50218272469	-5.60622225078	0.0	-5.80398835832	-1.20439571886	-5.53269283352	False	21	15	3	16	20	21	7	10	5	4	2	22	14	17	9	6	11	13	18	23	8	15	1	12	24	19	0
charlieEndogenous	dot-jump	False	188	circle	1024	768	1.16079767166	70.6	94.12	True	JVLAXRTIEH1PNKFDMSQZWYBC	24	1.50218272469	5.60622225078	0.0	5.80398835832	1.3173078175	5.38214336866	False	5	10	10	8	11	12	20	24	2	5	23	7	1	22	19	18	3	6	4	16	21	14	9	13	17	15	0
charlieEndogenous	dot-jump	False	189	circle	1024	768	1.16079767166	70.6	94.12	True	FSUEJIHLXRMBQTAN4PZVDYCK	11	-2.90199417916	-5.02640136157	-4.10403952609	-4.10403952609	-2.03241777558	-4.29065974844	False	20	16	8	15	4	23	7	9	19	12	3	17	22	2	16	1	13	14	10	20	21	5	11	6	18	24	0
charlieEndogenous	dot-jump	False	190	circle	1024	768	1.16079767166	70.6	94.12	True	FTLZIJDSAEXWVQU7PKBRHNMY	16	4.10403952609	-4.10403952609	1.50218272469	5.60622225078	3.95192345251	-3.98956081873	False	22	15	2	7	18	6	20	19	22	9	14	12	5	21	17	1	10	24	13	11	23	4	8	15	16	3	0
charlieEndogenous	dot-jump	False	191	circle	1024	768	1.16079767166	70.6	94.12	True	LJHEMTNWI2KPZYDCFUVSXBAR	14	1.50218272469	-5.60622225078	5.80398835832	0.0	1.76895621208	-6.02197859431	False	14	9	10	8	21	7	13	17	5	4	6	19	16	12	24	2	14	18	11	22	9	3	1	23	15	20	0
charlieEndogenous	dot-jump	False	192	circle	1024	768	1.16079767166	70.6	94.12	True	XQUJAMPK1HLZRIVESFBTYDCW	18	5.60622225078	-1.50218272469	5.80398835832	0.0	6.24780279159	-1.76895621208	False	4	8	4	13	8	24	18	17	16	15	19	1	6	14	9	3	7	22	11	2	5	10	12	23	20	21	0
charlieEndogenous	dot-jump	False	193	circle	1024	768	1.16079767166	70.6	94.12	True	FWMBANDXKY3UVIQCPLJHZTRS	14	1.50218272469	-5.60622225078	-5.60622225078	1.50218272469	1.09148362022	-5.60796756595	False	12	10	18	20	7	3	15	10	23	12	16	24	6	13	14	9	22	1	4	8	11	19	2	5	17	21	0
charlieEndogenous	dot-jump	False	194	circle	1024	768	1.16079767166	70.6	94.12	True	HJIEFNQSVRYXB4AZWTMKCLUP	11	-2.90199417916	-5.02640136157	1.50218272469	-5.60622225078	-2.93571456472	-5.26923127002	False	16	13	12	1	15	16	13	5	21	20	4	24	3	9	19	14	10	18	11	23	6	2	17	22	8	7	0
charlieEndogenous	dot-jump	False	195	circle	1024	768	1.16079767166	70.6	94.12	True	JWHKUINXCFB1RMEDZTSQYVAP	3	-2.90199417916	5.02640136157	4.10403952609	-4.10403952609	-2.55934090258	5.00576970652	False	10	11	23	13	12	18	21	19	8	20	6	4	3	16	22	14	15	10	2	17	24	5	7	9	11	1	0
charlieEndogenous	dot-jump	False	196	circle	1024	768	1.16079767166	70.6	94.12	True	CIMUVQKAJEFYBH8RLZPWXDTN	23	2.90199417916	5.02640136157	2.90199417916	5.02640136157	2.63461563501	4.29065974844	True	14	14	14	18	6	9	4	22	15	11	7	5	19	12	10	21	23	24	2	1	16	8	13	3	20	17	0
charlieEndogenous	dot-jump	False	197	circle	1024	768	1.16079767166	70.6	94.12	True	CRZIFHKDLSYU3QEJBXPNVMAW	16	4.10403952609	-4.10403952609	4.10403952609	-4.10403952609	3.95192345251	-4.21538501602	True	12	12	19	7	20	4	22	15	21	8	18	23	2	14	16	9	11	3	17	10	6	5	12	24	13	1	0
charlieEndogenous	dot-jump	False	198	circle	1024	768	1.16079767166	70.6	94.12	True	ZEDARPLTIC8HNKJBXQSFMUVY	15	2.90199417916	-5.02640136157	-5.60622225078	-1.50218272469	3.04862666337	-5.30686863623	False	12	10	23	1	11	21	9	19	6	16	24	4	8	13	15	20	17	5	14	10	3	18	7	2	12	22	0
charlieEndogenous	dot-jump	False	199	circle	1024	768	1.16079767166	70.6	94.12	True	WAHKYQXTDZL7FMSIJRPEVUBN	3	-2.90199417916	5.02640136157	-1.50218272469	5.60622225078	-3.16153876201	4.7046707768	False	7	11	12	22	16	1	13	18	8	3	15	19	11	2	23	5	21	6	24	4	17	14	10	9	20	7	0
charlieEndogenous	dot-jump	False	200	circle	1024	768	1.16079767166	70.6	94.12	True	SAYEFHXPWBMUV4TQNDRILJKZ	13	0.0	-5.80398835832	-1.50218272469	-5.60622225078	-0.0752747324288	-5.72087966459	False	17	13	23	4	2	14	5	16	8	22	18	11	1	21	7	12	9	19	3	13	6	17	20	24	15	10	0
charlieEndogenous	dot-jump	False	201	circle	1024	768	1.16079767166	70.6	94.12	True	CVMZWUSJENDAPK7YXTHRQILB	20	5.60622225078	1.50218272469	-5.60622225078	-1.50218272469	4.9681323403	1.46785728236	False	15	14	19	5	10	3	21	6	4	13	16	15	1	9	22	23	8	20	7	12	17	24	11	18	2	14	0
charlieEndogenous	dot-jump	False	202	circle	1024	768	1.16079767166	70.6	94.12	True	WHEKCYVNX5BQSTRMDPJZFAUI	24	1.50218272469	5.60622225078	-1.50218272469	-5.60622225078	1.43021991615	5.53269283352	False	8	9	7	6	11	3	16	19	8	23	24	12	22	20	1	14	4	9	10	13	2	18	5	21	15	17	0
charlieEndogenous	dot-jump	False	203	circle	1024	768	1.16079767166	70.6	94.12	True	EFZSHQTUJNARBDWC9VMXKLIP	14	1.50218272469	-5.60622225078	4.10403952609	-4.10403952609	1.54313201479	-5.57033019973	False	18	16	17	19	4	9	18	24	3	23	20	11	10	22	12	5	1	8	16	7	14	21	15	6	13	2	0
charlieEndogenous	dot-jump	False	204	circle	1024	768	1.16079767166	70.6	94.12	True	NPTVIKSA5FEUZBLRWXDHMYJC	11	-2.90199417916	-5.02640136157	5.02640136157	-2.90199417916	-2.93571456472	-4.89285760787	False	3	8	6	15	16	11	24	13	9	2	17	22	3	5	21	12	1	19	8	10	20	14	4	18	7	23	0
charlieEndogenous	dot-jump	False	205	circle	1024	768	1.16079767166	70.6	94.12	True	SJBREFILYDQPHAC4MZVKUTNX	7	-5.80398835832	0.0	-5.02640136157	2.90199417916	-6.02197859431	0.0	False	17	15	16	24	13	14	12	15	3	20	18	21	1	22	9	17	11	5	23	7	8	4	6	19	10	2	0
charlieEndogenous	dot-jump	False	206	circle	1024	768	1.16079767166	70.6	94.12	True	MPQEXZTCBKVU2DRAFIWJHLYN	16	4.10403952609	-4.10403952609	2.90199417916	-5.02640136157	3.80137398766	-4.06483555116	False	9	12	18	7	14	17	22	19	21	13	4	16	23	6	15	24	20	11	12	9	1	3	2	8	5	10	0
charlieEndogenous	dot-jump	False	207	circle	1024	768	1.16079767166	70.6	94.12	True	LPEDIZHT4NUVCKYJXABRQWSF	22	4.10403952609	4.10403952609	1.50218272469	-5.60622225078	3.87664872009	3.87664872009	False	0	8	22	7	5	11	13	10	1	17	14	24	20	4	2	15	23	3	8	19	6	18	21	9	16	12	0
charlieEndogenous	dot-jump	False	208	circle	1024	768	1.16079767166	70.6	94.12	True	PVNHYDFBMJUTX5AELZCSIQWR	1	0.0	5.80398835832	-4.10403952609	-4.10403952609	-0.33873629593	5.68324229838	False	10	13	4	22	18	2	15	24	6	20	23	17	1	12	7	10	5	16	3	9	13	21	8	19	14	11	0
charlieEndogenous	dot-jump	False	209	circle	1024	768	1.16079767166	70.6	94.12	True	BERIDFUYJSN8MATWKVQLXCHP	17	5.02640136157	-2.90199417916	-5.02640136157	2.90199417916	4.93049497409	-2.74752773365	False	22	11	23	13	8	14	7	9	12	21	1	6	15	5	10	11	4	18	16	2	3	19	20	24	17	22	0
charlieEndogenous	dot-jump	False	210	circle	1024	768	1.16079767166	70.6	94.12	True	TVJSUAPMEKQICFX4NDLWBYRH	24	1.50218272469	5.60622225078	-5.60622225078	1.50218272469	1.46785728236	5.08104443895	False	14	15	2	8	22	18	17	21	19	20	9	1	23	7	11	5	24	6	15	14	13	10	4	16	3	12	0
charlieEndogenous	dot-jump	False	211	circle	1024	768	1.16079767166	70.6	94.12	True	AFTBPNZEDJRY2WMVIUCKHLSX	14	1.50218272469	-5.60622225078	-1.50218272469	5.60622225078	1.54313201479	-5.75851703081	False	17	12	23	6	16	11	7	17	9	12	19	21	15	20	2	24	13	4	10	14	1	5	3	8	22	18	0
charlieEndogenous	dot-jump	False	212	circle	1024	768	1.16079767166	70.6	94.12	True	YHJDXICVS7UEZLAPMTQRNBKW	3	-2.90199417916	5.02640136157	1.50218272469	-5.60622225078	-2.74752773365	5.26923127002	False	0	9	3	22	19	7	16	18	4	11	8	14	1	12	5	15	20	24	2	10	13	9	17	21	23	6	0
charlieEndogenous	dot-jump	False	213	circle	1024	768	1.16079767166	70.6	94.12	True	KDVMSLNIARQBYX5WFPTZCHEJ	1	0.0	5.80398835832	1.50218272469	5.60622225078	0.0	5.19395653759	False	23	14	17	22	21	23	16	9	13	20	3	7	6	11	8	19	24	15	12	2	10	14	4	18	5	1	0
charlieEndogenous	dot-jump	False	214	circle	1024	768	1.16079767166	70.6	94.12	True	APUTIDFQCW2NZLMEHYBVJXKR	22	4.10403952609	4.10403952609	-5.02640136157	-2.90199417916	3.72609925523	3.68846188901	False	12	10	6	1	21	8	14	23	18	15	20	16	9	4	22	13	3	19	12	10	2	5	24	17	7	11	0
charlieEndogenous	dot-jump	False	215	circle	1024	768	1.16079767166	70.6	94.12	True	XDUWCRSEQYTMIJKZ2FVLBAHN	20	5.60622225078	1.50218272469	5.02640136157	2.90199417916	6.13489069295	1.35494518372	False	4	16	1	17	6	12	20	8	3	7	23	9	24	5	11	4	2	19	21	14	13	10	22	15	16	18	0
charlieEndogenous	dot-jump	False	216	circle	1024	768	1.16079767166	70.6	94.12	True	LSDFCZXRTABK4PHJVINMEQWU	12	-1.50218272469	-5.60622225078	2.90199417916	-5.02640136157	-1.35494518372	-5.68324229838	False	13	12	4	21	10	22	2	3	17	16	13	23	7	24	15	12	6	9	8	11	1	5	14	20	18	19	0
charlieEndogenous	dot-jump	False	217	circle	1024	768	1.16079767166	70.6	94.12	True	MYPTFKWCR3XEBQZUJHAVNDLI	6	-5.60622225078	1.50218272469	-5.60622225078	-1.50218272469	-5.41978073488	1.61840674722	False	8	9	22	15	14	19	10	9	3	12	6	8	13	23	1	2	16	7	24	5	18	21	20	11	4	17	0
charlieEndogenous	dot-jump	False	218	circle	1024	768	1.16079767166	70.6	94.12	True	RWVNDHJK3SMLBATEZQUIPFCX	15	2.90199417916	-5.02640136157	4.10403952609	4.10403952609	2.55934090258	-4.85522024166	False	19	8	4	13	21	8	5	10	2	12	22	6	14	18	19	16	20	17	1	7	9	15	11	24	23	3	0
charlieEndogenous	dot-jump	False	219	circle	1024	768	1.16079767166	70.6	94.12	True	SPUJNYEIZVLBR4TQDACFMKWX	21	5.02640136157	2.90199417916	5.60622225078	1.50218272469	4.51648394573	2.8604398323	False	20	13	18	8	15	10	2	19	16	7	3	23	17	9	13	20	12	22	6	1	11	4	21	14	5	24	0
charlieEndogenous	dot-jump	False	220	circle	1024	768	1.16079767166	70.6	94.12	True	MZEFDQPNHAS9BIULKCJTWRYV	15	2.90199417916	-5.02640136157	-2.90199417916	-5.02640136157	2.63461563501	-5.38214336866	False	22	11	21	5	12	19	9	16	23	2	13	8	22	11	17	6	1	18	10	7	3	14	4	24	15	20	0
charlieEndogenous	dot-jump	False	221	circle	1024	768	1.16079767166	70.6	94.12	True	MZEWBRHLPKXFJIQU1CVANDST	14	1.50218272469	-5.60622225078	5.02640136157	2.90199417916	1.65604411343	-5.41978073488	False	1	16	1	14	18	23	9	24	11	10	19	7	17	12	5	22	8	6	21	13	15	2	20	3	4	16	0
charlieEndogenous	dot-jump	False	222	circle	1024	768	1.16079767166	70.6	94.12	True	TLMIEFHBANXVDJC9ZYSKRUQP	1	0.0	5.80398835832	0.0	-5.80398835832	0.301098929715	5.68324229838	False	22	15	4	3	9	22	15	12	19	10	17	11	5	21	20	23	16	13	7	8	24	18	2	14	1	6	0
charlieEndogenous	dot-jump	False	223	circle	1024	768	1.16079767166	70.6	94.12	True	ZIVSYQPNMJEAHL2BWCXRKFTU	24	1.50218272469	5.60622225078	-1.50218272469	-5.60622225078	1.09148362022	5.30686863623	False	22	14	16	17	7	3	21	10	20	5	19	14	18	1	9	4	12	15	8	23	2	13	11	22	24	6	0
charlieEndogenous	dot-jump	False	224	circle	1024	768	1.16079767166	70.6	94.12	True	YJVRPWTXMN3ZCUKQHELDSIBF	15	2.90199417916	-5.02640136157	5.02640136157	-2.90199417916	2.93571456472	-5.26923127002	False	13	10	9	24	6	20	10	16	19	18	23	11	17	1	5	15	21	3	22	12	8	13	2	14	4	7	0
charlieEndogenous	dot-jump	False	225	circle	1024	768	1.16079767166	70.6	94.12	True	MEAFNLDH2SJVYQTXPRKBZIWC	21	5.02640136157	2.90199417916	0.0	-5.80398835832	4.93049497409	3.23681349444	False	6	8	3	22	2	12	19	24	21	14	13	23	20	11	7	9	8	4	16	17	1	6	10	18	5	15	0
charlieEndogenous	dot-jump	False	226	circle	1024	768	1.16079767166	70.6	94.12	True	BUXQPEARS5CDZNTIFJVHWKMY	23	2.90199417916	5.02640136157	-4.10403952609	-4.10403952609	3.08626402958	4.9681323403	False	13	9	1	16	15	11	6	19	8	5	14	10	9	7	13	23	21	17	24	22	4	18	3	12	2	20	0
charlieEndogenous	dot-jump	False	227	circle	1024	768	1.16079767166	70.6	94.12	True	CEAXWVMRILSU7ZQDJPTKNHBF	15	2.90199417916	-5.02640136157	-5.02640136157	2.90199417916	2.48406617015	-5.19395653759	False	1	12	8	15	19	12	7	21	9	2	20	11	10	13	5	6	4	16	3	1	14	22	18	23	17	24	0
charlieEndogenous	dot-jump	False	228	circle	1024	768	1.16079767166	70.6	94.12	True	WFCYDRVMQPLBI3KUSZTXHANJ	14	1.50218272469	-5.60622225078	2.90199417916	-5.02640136157	1.73131884586	-5.75851703081	False	17	13	16	24	7	11	9	2	6	5	23	3	8	12	1	15	22	13	4	14	17	21	18	10	20	19	0
charlieEndogenous	dot-jump	False	229	circle	1024	768	1.16079767166	70.6	94.12	True	PDYTHILCMN6SRUFQWVJKZXBE	11	-2.90199417916	-5.02640136157	5.60622225078	1.50218272469	-2.52170353637	-5.00576970652	False	20	10	8	1	21	22	10	15	4	12	16	2	20	7	18	13	23	6	5	9	24	14	11	17	3	19	0
charlieEndogenous	dot-jump	False	230	circle	1024	768	1.16079767166	70.6	94.12	True	DHXBSLECQTRVJFPY1ANIUKWM	2	-1.50218272469	5.60622225078	-4.10403952609	-4.10403952609	-1.65604411343	5.49505546731	False	21	16	11	5	3	15	21	7	22	20	9	4	19	6	14	1	8	23	10	24	17	13	16	2	18	12	0
charlieEndogenous	dot-jump	False	231	circle	1024	768	1.16079767166	70.6	94.12	True	WLDFHUSAKXMECI3BTNYQJZVP	23	2.90199417916	5.02640136157	-1.50218272469	-5.60622225078	2.82280246608	4.89285760787	False	15	14	6	15	4	14	16	22	21	11	3	18	1	17	13	10	12	23	9	7	2	5	24	20	19	8	0
charlieEndogenous	dot-jump	False	232	circle	1024	768	1.16079767166	70.6	94.12	True	TZCHVQNEMIB5DJKWRALYPFUS	11	-2.90199417916	-5.02640136157	-2.90199417916	5.02640136157	-2.48406617015	-5.34450600245	False	17	11	17	15	20	8	23	5	4	24	19	21	12	3	1	2	9	10	7	11	14	22	18	6	13	16	0
charlieEndogenous	dot-jump	False	233	circle	1024	768	1.16079767166	70.6	94.12	True	TSJDZYKHFVBWAPR6LQNCEXMU	15	2.90199417916	-5.02640136157	1.50218272469	-5.60622225078	3.46263769173	-4.81758287545	False	19	15	5	12	10	6	20	13	8	7	2	23	4	22	3	9	11	14	16	24	17	15	21	1	19	18	0
charlieEndogenous	dot-jump	False	234	circle	1024	768	1.16079767166	70.6	94.12	True	UWLBJQNVCHM8ZIPFYRETADXS	11	-2.90199417916	-5.02640136157	2.90199417916	-5.02640136157	-2.52170353637	-5.15631917138	False	1	11	4	11	2	3	21	16	14	5	12	7	17	15	24	9	6	19	1	8	23	10	18	20	13	22	0
charlieEndogenous	dot-jump	False	235	circle	1024	768	1.16079767166	70.6	94.12	True	BFHXUDNWZPIJLR1SYCEVQMKA	22	4.10403952609	4.10403952609	-5.60622225078	1.50218272469	3.87664872009	4.06483555116	False	15	14	18	2	7	12	24	14	11	5	15	9	21	16	17	3	6	22	4	10	20	23	8	1	19	13	0
charlieEndogenous	dot-jump	False	236	circle	1024	768	1.16079767166	70.6	94.12	True	MYKHBJET1XVSUNWDZAIPQFLR	18	5.60622225078	-1.50218272469	4.10403952609	-4.10403952609	5.49505546731	-1.27967045129	False	14	8	17	2	21	7	23	4	11	24	16	3	19	8	22	1	18	10	14	20	6	5	13	12	15	9	0
charlieEndogenous	dot-jump	False	237	circle	1024	768	1.16079767166	70.6	94.12	True	VHDWBZELNARMF8JKYICQUPXS	15	2.90199417916	-5.02640136157	-1.50218272469	5.60622225078	2.70989036744	-4.77994550923	False	23	13	9	17	1	23	22	21	6	3	13	10	5	19	14	2	18	20	4	11	16	8	7	24	12	15	0
charlieEndogenous	dot-jump	False	238	circle	1024	768	1.16079767166	70.6	94.12	True	MCVNYBTEX4KSFAJPULQRIZDW	13	0.0	-5.80398835832	5.02640136157	2.90199417916	0.301098929715	-5.41978073488	False	10	9	22	19	6	12	11	9	17	5	3	21	13	4	18	1	10	2	7	24	16	14	23	20	15	8	0
charlieEndogenous	dot-jump	False	239	circle	1024	768	1.16079767166	70.6	94.12	True	UHXRCIMFJAVNPTQ6ESKBDLYZ	19	5.80398835832	0.0	5.60622225078	-1.50218272469	5.79615439702	0.0376373662144	False	4	15	9	14	1	24	19	23	17	16	22	15	20	7	2	5	10	18	12	4	8	11	6	3	13	21	0
charlieEndogenous	dot-jump	False	240	circle	1024	768	1.16079767166	70.6	94.12	True	MHTIDCLVEAQWFRZY9SXBNJPU	2	-1.50218272469	5.60622225078	-1.50218272469	-5.60622225078	-1.54313201479	5.26923127002	False	15	16	6	21	22	13	14	5	24	9	19	20	16	4	11	10	18	2	12	7	3	17	8	1	23	15	0
charlieEndogenous	dot-jump	False	241	circle	1024	768	1.16079767166	70.6	94.12	True	ZKTYADFPECNJ2UWIXSQMRLVB	16	4.10403952609	-4.10403952609	-2.90199417916	-5.02640136157	3.87664872009	-4.25302238223	False	9	12	8	2	21	9	13	18	6	7	4	16	19	20	11	10	15	23	17	14	5	22	1	24	3	12	0
charlieEndogenous	dot-jump	False	242	circle	1024	768	1.16079767166	70.6	94.12	True	ASCDZPMIFH7XLBNUKVEYJRQT	19	5.80398835832	0.0	-5.80398835832	0.0	0.0376373662144	0.0	False	6	10	15	1	11	22	14	13	19	12	16	5	7	2	10	20	4	18	3	6	8	24	17	23	21	9	0
charlieEndogenous	dot-jump	False	243	circle	1024	768	1.16079767166	70.6	94.12	True	QTMDYRBPUAKS9VZFLHINXJWE	18	5.60622225078	-1.50218272469	4.10403952609	-4.10403952609	4.89285760787	-1.61840674722	False	14	12	17	21	4	11	14	1	12	9	24	7	6	19	16	3	18	22	2	20	23	8	5	13	15	10	0
charlieEndogenous	dot-jump	False	244	circle	1024	768	1.16079767166	70.6	94.12	True	FQMESZUJRLCXA2IVHDWTKNBP	16	4.10403952609	-4.10403952609	-5.60622225078	1.50218272469	4.62939604437	-4.29065974844	False	16	13	4	21	2	1	24	3	23	8	11	9	20	12	14	6	19	17	16	10	13	22	5	18	15	7	0
charlieEndogenous	dot-jump	False	245	circle	1024	768	1.16079767166	70.6	94.12	True	LIEHWFSPTNZ5KYUCARBJVMXD	21	5.02640136157	2.90199417916	-5.02640136157	-2.90199417916	4.85522024166	3.04862666337	False	20	11	15	20	5	23	7	6	14	17	16	24	19	9	11	4	13	3	22	2	12	1	21	10	18	8	0
charlieEndogenous	dot-jump	False	246	circle	1024	768	1.16079767166	70.6	94.12	True	RIHUKTNXYCWAPSFM6VQDJZBE	23	2.90199417916	5.02640136157	-2.90199417916	5.02640136157	2.89807719851	4.74230814302	False	13	16	10	18	12	17	20	2	7	13	8	14	1	9	11	23	4	22	3	21	19	15	5	24	6	16	0
charlieEndogenous	dot-jump	False	247	circle	1024	768	1.16079767166	70.6	94.12	True	LSXKNEIFUBWZTM4JAPHYRVQC	17	5.02640136157	-2.90199417916	-5.60622225078	1.50218272469	5.49505546731	-3.31208822687	False	8	14	18	15	8	11	13	14	22	19	17	5	2	23	20	1	6	16	3	9	7	12	24	4	10	21	0
charlieEndogenous	dot-jump	False	248	circle	1024	768	1.16079767166	70.6	94.12	True	NYQCHLVTE7XBDZISRAMKPUJW	23	2.90199417916	5.02640136157	2.90199417916	5.02640136157	2.70989036744	5.34450600245	True	9	9	6	3	13	20	12	24	9	2	5	23	14	7	17	1	22	4	18	16	11	8	15	19	21	10	0
charlieEndogenous	dot-jump	False	249	circle	1024	768	1.16079767166	70.6	94.12	True	DXTVYWFCMS2AEQNZUBKHLRPJ	17	5.02640136157	-2.90199417916	2.90199417916	-5.02640136157	4.55412131195	-2.93571456472	False	5	10	12	9	23	5	3	17	7	6	24	1	15	2	19	11	18	10	4	13	21	14	16	8	22	20	0
charlieEndogenous	dot-jump	False	250	circle	1024	768	1.16079767166	70.6	94.12	True	RCKYXBEWJZUVHTQ5FIPSLAND	24	1.50218272469	5.60622225078	-2.90199417916	-5.02640136157	1.46785728236	5.72087966459	False	14	15	17	14	6	18	12	8	23	5	13	15	19	7	9	22	24	11	1	2	21	3	16	10	20	4	0
charlieEndogenous	dot-jump	False	251	circle	1024	768	1.16079767166	70.6	94.12	True	ESWCBUIQ8TRMJHXYPAKNDFZL	11	-2.90199417916	-5.02640136157	-2.90199417916	-5.02640136157	-2.40879143772	-4.77994550923	True	8	8	15	18	13	9	2	5	1	3	11	22	24	21	10	12	8	19	4	20	7	17	6	16	23	14	0
charlieEndogenous	dot-jump	False	252	circle	1024	768	1.16079767166	70.6	94.12	True	AXKCBWISJE6LVUTYFZNMRDPQ	16	4.10403952609	-4.10403952609	1.50218272469	-5.60622225078	4.29065974844	-3.95192345251	False	3	10	15	13	9	16	2	1	20	22	18	17	14	3	24	19	23	21	11	5	6	7	12	4	10	8	0
charlieEndogenous	dot-jump	False	253	circle	1024	768	1.16079767166	70.6	94.12	True	NWTMYVJQFEHK7UISZACPDRXL	22	4.10403952609	4.10403952609	4.10403952609	-4.10403952609	4.06483555116	4.25302238223	False	8	12	12	19	1	9	20	13	4	18	22	8	2	24	16	23	3	6	17	14	15	5	7	11	10	21	0
charlieEndogenous	dot-jump	False	254	circle	1024	768	1.16079767166	70.6	94.12	True	DYPRKTXQUNZEIW8HMBVASLFC	19	5.80398835832	0.0	5.60622225078	1.50218272469	5.83379176324	-0.188186831072	False	22	14	10	21	3	2	12	15	16	24	22	23	14	17	7	6	20	9	4	18	13	1	5	11	19	8	0
charlieEndogenous	dot-jump	False	255	circle	1024	768	1.16079767166	70.6	94.12	True	PQVNMBDJKCWIU2SALFYXERHT	14	1.50218272469	-5.60622225078	5.60622225078	1.50218272469	1.43021991615	-5.30686863623	False	15	13	15	6	1	9	24	5	8	10	2	17	23	3	19	20	22	14	11	4	18	21	7	12	16	13	0
charlieEndogenous	dot-jump	False	256	circle	1024	768	1.16079767166	70.6	94.12	True	SRIMHBYLZNCVTQXD8EUPJAFW	19	5.80398835832	0.0	5.02640136157	2.90199417916	5.94670386188	-0.33873629593	False	15	16	2	9	15	4	7	5	22	8	13	23	6	12	10	14	16	19	21	20	18	24	3	1	17	11	0
charlieEndogenous	dot-jump	False	257	circle	1024	768	1.16079767166	70.6	94.12	True	ZPJFRUSWQ3BCNXHEDIVMKLTA	3	-2.90199417916	5.02640136157	0.0	-5.80398835832	-2.93571456472	5.00576970652	False	20	9	6	11	5	1	7	20	4	14	15	13	23	16	21	22	17	19	10	18	24	12	3	8	9	2	0
charlieEndogenous	dot-jump	False	258	circle	1024	768	1.16079767166	70.6	94.12	True	CQPBNJRK1IHLSFVWEYUDXMTA	16	4.10403952609	-4.10403952609	-2.90199417916	-5.02640136157	4.7046707768	-4.47884657952	False	11	8	24	20	18	8	10	7	15	23	11	12	4	16	2	22	17	19	5	1	13	14	6	21	3	9	0
charlieEndogenous	dot-jump	False	259	circle	1024	768	1.16079767166	70.6	94.12	True	STVIABPMKCYDHNF7LERXWZJU	14	1.50218272469	-5.60622225078	-5.02640136157	-2.90199417916	1.09148362022	-6.24780279159	False	6	15	17	16	7	12	24	19	14	20	3	11	5	4	18	21	13	9	10	23	8	6	22	15	2	1	0
charlieEndogenous	dot-jump	False	260	circle	1024	768	1.16079767166	70.6	94.12	True	VZRQMTDEKNW7FHLAYCPSUIXB	14	1.50218272469	-5.60622225078	-5.02640136157	-2.90199417916	1.58076938101	-5.2315939038	False	15	11	7	15	2	23	3	4	12	24	1	6	10	9	13	5	22	14	8	21	19	16	11	20	18	17	0
charlieEndogenous	dot-jump	False	261	circle	1024	768	1.16079767166	70.6	94.12	True	ABHSDCMIRX6WQTNYKUZVJELP	1	0.0	5.80398835832	5.80398835832	0.0	0.414011028359	5.94670386188	False	9	10	17	11	20	7	14	23	12	6	5	1	19	24	2	18	3	15	16	8	13	4	9	10	22	21	0
charlieEndogenous	dot-jump	False	262	circle	1024	768	1.16079767166	70.6	94.12	True	JQBNHTXKY6EDAFISRCMWVUZL	23	2.90199417916	5.02640136157	-1.50218272469	-5.60622225078	2.74752773365	4.47884657952	False	21	9	13	5	3	9	10	16	22	7	24	12	6	1	19	11	8	15	14	21	4	17	18	23	2	20	0
charlieEndogenous	dot-jump	False	263	circle	1024	768	1.16079767166	70.6	94.12	True	IYWJDMHVEUAX9NRFQLSCTKZP	11	-2.90199417916	-5.02640136157	-4.10403952609	4.10403952609	-2.93571456472	-5.04340707273	False	17	12	14	22	15	16	3	12	24	21	6	18	5	23	4	8	13	10	2	11	17	20	7	9	19	1	0
charlieEndogenous	dot-jump	False	264	circle	1024	768	1.16079767166	70.6	94.12	True	EQJUFRVCBWKNHLTD7XPIAYSM	15	2.90199417916	-5.02640136157	2.90199417916	-5.02640136157	3.04862666337	-4.93049497409	True	16	16	2	8	16	19	22	24	21	18	1	13	10	23	4	3	7	14	15	11	12	9	20	6	5	17	0
charlieEndogenous	dot-jump	False	265	circle	1024	768	1.16079767166	70.6	94.12	True	WDQHSRPFCKLZMAY1VIEJUNTB	24	1.50218272469	5.60622225078	-5.02640136157	2.90199417916	1.24203308508	6.24780279159	False	13	15	3	8	6	19	22	12	18	20	4	23	21	17	14	24	11	5	7	16	2	1	15	13	10	9	0
charlieEndogenous	dot-jump	False	266	circle	1024	768	1.16079767166	70.6	94.12	True	HJEVXQTZLUIFY9ARWMNKDCPS	16	4.10403952609	-4.10403952609	4.10403952609	4.10403952609	4.10247291737	-3.87664872009	False	4	13	2	4	13	24	16	18	19	17	7	23	10	5	20	22	1	15	21	12	8	11	3	14	9	6	0
charlieEndogenous	dot-jump	False	267	circle	1024	768	1.16079767166	70.6	94.12	True	UHXQJYBM3ECIVZSNPWRLKDTA	19	5.80398835832	0.0	1.50218272469	5.60622225078	5.2315939038	0.0376373662144	False	9	8	23	11	7	5	17	22	18	6	24	19	3	4	13	9	12	14	1	8	2	16	15	20	21	10	0
charlieEndogenous	dot-jump	False	268	circle	1024	768	1.16079767166	70.6	94.12	True	XAHUDJTRZIV4WMQCLSYFBNEP	14	1.50218272469	-5.60622225078	0.0	-5.80398835832	1.54313201479	-5.11868180516	False	17	11	7	17	23	19	24	1	10	16	22	20	11	13	6	2	5	15	3	14	8	9	12	4	18	21	0
charlieEndogenous	dot-jump	False	269	circle	1024	768	1.16079767166	70.6	94.12	True	WUNLFQCXMTYKEP7HZAISDJRV	22	4.10403952609	4.10403952609	4.10403952609	-4.10403952609	4.25302238223	3.68846188901	False	3	14	19	15	18	22	6	14	17	9	11	23	21	13	5	2	16	3	20	4	24	1	8	10	7	12	0
