subject 	task 	staircase 	trialNum 	stimulus 	monitorWidth 	monitorHeight 	stimHeight  	ISI 	SOA 	responseSpatialPos 	responseX 	responseY 	correctX 	correctY 	clickX 	clickY 	accuracy 	responsePosInStream 	correctPosInStream 	position0 	position1 	position2 	position3 	position4 	position5 	position6 	position7 	position8 	position9 	position10 	position11 	position12 	position13 	position14 	position15 	position16 	position17 	position18 	position19 	position20 	position21 	position22 	position23 	longFrames
CL 	 dot-jump 	 False 	 0 	 circle 	 1024 	 768 	 1.16079767166 	 44.445 	 66.667 	 4 	 -4.10403952609 	 4.10403952609 	 0.0 	 -5.80398835832 	 -4.02719818494 	 4.06483555116 	 False 	 15 	 14 	24 	20 	8 	16 	12 	3 	23 	10 	11 	5 	19 	2 	21 	18 	13 	4 	14 	7 	15 	6 	22 	9 	17 	1 	0
CL 	 dot-jump 	 False 	 1 	 circle 	 1024 	 768 	 1.16079767166 	 44.445 	 66.667 	 21 	 5.02640136157 	 2.90199417916 	 4.10403952609 	 4.10403952609 	 5.11868180516 	 3.04862666337 	 False 	 4 	 15 	16 	11 	23 	14 	21 	18 	24 	15 	6 	10 	20 	5 	3 	2 	13 	22 	7 	4 	9 	1 	12 	17 	19 	8 	0
CL 	 dot-jump 	 False 	 2 	 circle 	 1024 	 768 	 1.16079767166 	 44.445 	 66.667 	 9 	 -5.02640136157 	 -2.90199417916 	 -5.02640136157 	 -2.90199417916 	 -4.66703341059 	 -3.04862666337 	 True 	 12 	 12 	5 	14 	16 	6 	3 	13 	2 	20 	1 	22 	7 	11 	9 	12 	23 	24 	4 	10 	19 	21 	8 	17 	15 	18 	0
CL 	 dot-jump 	 False 	 3 	 circle 	 1024 	 768 	 1.16079767166 	 44.445 	 66.667 	 21 	 5.02640136157 	 2.90199417916 	 -5.60622225078 	 1.50218272469 	 4.81758287545 	 2.70989036744 	 False 	 15 	 10 	19 	13 	8 	12 	18 	1 	17 	23 	3 	14 	6 	22 	4 	7 	9 	21 	15 	24 	2 	11 	10 	20 	16 	5 	0
CL 	 dot-jump 	 False 	 4 	 circle 	 1024 	 768 	 1.16079767166 	 44.445 	 66.667 	 11 	 -2.90199417916 	 -5.02640136157 	 -4.10403952609 	 -4.10403952609 	 -2.63461563501 	 -5.19395653759 	 False 	 4 	 8 	20 	8 	16 	18 	11 	13 	15 	22 	10 	1 	6 	17 	3 	4 	19 	21 	7 	12 	9 	23 	5 	24 	14 	2 	0
CL 	 dot-jump 	 False 	 5 	 circle 	 1024 	 768 	 1.16079767166 	 44.445 	 66.667 	 11 	 -2.90199417916 	 -5.02640136157 	 5.02640136157 	 -2.90199417916 	 -3.01098929715 	 -5.34450600245 	 False 	 20 	 16 	6 	5 	8 	4 	9 	7 	2 	14 	18 	22 	16 	21 	23 	20 	24 	10 	17 	12 	13 	1 	11 	3 	19 	15 	0
CL 	 dot-jump 	 False 	 6 	 circle 	 1024 	 768 	 1.16079767166 	 44.445 	 66.667 	 15 	 2.90199417916 	 -5.02640136157 	 4.10403952609 	 -4.10403952609 	 2.5969782688 	 -5.08104443895 	 False 	 3 	 9 	24 	17 	10 	15 	13 	1 	21 	2 	22 	16 	11 	14 	7 	3 	6 	9 	20 	18 	19 	12 	23 	5 	4 	8 	0
CL 	 dot-jump 	 False 	 7 	 circle 	 1024 	 768 	 1.16079767166 	 44.445 	 66.667 	 10 	 -4.10403952609 	 -4.10403952609 	 -2.90199417916 	 5.02640136157 	 -3.95192345251 	 -3.83901135387 	 False 	 6 	 11 	24 	1 	17 	2 	14 	13 	10 	5 	18 	12 	11 	3 	22 	20 	6 	16 	4 	9 	23 	8 	21 	7 	19 	15 	0
CL 	 dot-jump 	 False 	 8 	 circle 	 1024 	 768 	 1.16079767166 	 44.445 	 66.667 	 6 	 -5.60622225078 	 1.50218272469 	 -5.02640136157 	 -2.90199417916 	 -5.08104443895 	 1.35494518372 	 False 	 6 	 13 	8 	20 	2 	17 	5 	23 	6 	4 	14 	1 	3 	18 	19 	9 	7 	11 	15 	12 	24 	22 	10 	13 	21 	16 	0
CL 	 dot-jump 	 False 	 9 	 circle 	 1024 	 768 	 1.16079767166 	 44.445 	 66.667 	 5 	 -5.02640136157 	 2.90199417916 	 -5.02640136157 	 2.90199417916 	 -4.85522024166 	 2.93571456472 	 True 	 8 	 8 	11 	12 	1 	3 	22 	15 	4 	13 	5 	16 	14 	9 	21 	18 	2 	10 	17 	20 	6 	23 	24 	19 	7 	8 	0
CL 	 dot-jump 	 False 	 10 	 circle 	 1024 	 768 	 1.16079767166 	 44.445 	 66.667 	 21 	 5.02640136157 	 2.90199417916 	 4.10403952609 	 4.10403952609 	 4.7046707768 	 2.55934090258 	 False 	 19 	 13 	12 	17 	8 	6 	24 	3 	15 	20 	2 	10 	9 	13 	18 	22 	4 	11 	7 	14 	1 	21 	5 	19 	16 	23 	0
CL 	 dot-jump 	 False 	 11 	 circle 	 1024 	 768 	 1.16079767166 	 44.445 	 66.667 	 15 	 2.90199417916 	 -5.02640136157 	 4.10403952609 	 -4.10403952609 	 3.16153876201 	 -5.34450600245 	 False 	 5 	 16 	19 	8 	11 	21 	22 	15 	13 	24 	6 	3 	2 	5 	1 	9 	12 	14 	16 	20 	7 	18 	17 	4 	23 	10 	0
CL 	 dot-jump 	 False 	 12 	 circle 	 1024 	 768 	 1.16079767166 	 44.445 	 66.667 	 18 	 5.60622225078 	 -1.50218272469 	 5.80398835832 	 0.0 	 5.60796756595 	 -1.61840674722 	 False 	 2 	 9 	2 	6 	18 	12 	14 	17 	9 	21 	7 	19 	3 	4 	23 	10 	20 	11 	13 	24 	22 	8 	1 	16 	15 	5 	0
CL 	 dot-jump 	 False 	 13 	 circle 	 1024 	 768 	 1.16079767166 	 44.445 	 66.667 	 15 	 2.90199417916 	 -5.02640136157 	 -5.60622225078 	 1.50218272469 	 2.67225300122 	 -4.77994550923 	 False 	 19 	 11 	19 	23 	24 	8 	5 	4 	3 	22 	21 	9 	17 	6 	2 	20 	18 	10 	1 	16 	7 	15 	14 	11 	13 	12 	0
CL 	 dot-jump 	 False 	 14 	 circle 	 1024 	 768 	 1.16079767166 	 44.445 	 66.667 	 21 	 5.02640136157 	 2.90199417916 	 1.50218272469 	 5.60622225078 	 5.00576970652 	 2.63461563501 	 False 	 11 	 14 	13 	1 	12 	14 	15 	16 	17 	4 	9 	11 	18 	21 	20 	23 	24 	5 	3 	2 	7 	19 	10 	6 	8 	22 	0
CL 	 dot-jump 	 False 	 15 	 circle 	 1024 	 768 	 1.16079767166 	 44.445 	 66.667 	 19 	 5.80398835832 	 0.0 	 -1.50218272469 	 -5.60622225078 	 6.09725332674 	 -0.414011028359 	 False 	 18 	 12 	17 	5 	1 	23 	24 	16 	14 	22 	10 	6 	20 	18 	12 	4 	11 	13 	15 	21 	19 	8 	9 	2 	7 	3 	0
CL 	 dot-jump 	 False 	 16 	 circle 	 1024 	 768 	 1.16079767166 	 44.445 	 66.667 	 20 	 5.60622225078 	 1.50218272469 	 5.60622225078 	 1.50218272469 	 5.64560493216 	 1.99478040936 	 True 	 15 	 15 	12 	23 	8 	7 	21 	3 	17 	1 	18 	9 	24 	13 	22 	19 	5 	20 	15 	16 	4 	10 	6 	2 	14 	11 	0
CL 	 dot-jump 	 False 	 17 	 circle 	 1024 	 768 	 1.16079767166 	 44.445 	 66.667 	 20 	 5.60622225078 	 1.50218272469 	 -4.10403952609 	 -4.10403952609 	 5.30686863623 	 1.76895621208 	 False 	 15 	 10 	13 	2 	16 	6 	18 	4 	8 	17 	11 	7 	10 	21 	12 	15 	3 	20 	14 	22 	9 	23 	5 	19 	24 	1 	0
CL 	 dot-jump 	 False 	 18 	 circle 	 1024 	 768 	 1.16079767166 	 44.445 	 66.667 	 23 	 2.90199417916 	 5.02640136157 	 4.10403952609 	 -4.10403952609 	 2.48406617015 	 4.77994550923 	 False 	 16 	 15 	9 	11 	15 	4 	12 	5 	20 	22 	14 	18 	6 	17 	21 	13 	2 	16 	23 	8 	24 	19 	3 	1 	7 	10 	0
CL 	 dot-jump 	 False 	 19 	 circle 	 1024 	 768 	 1.16079767166 	 44.445 	 66.667 	 16 	 4.10403952609 	 -4.10403952609 	 5.02640136157 	 -2.90199417916 	 4.59175867816 	 -3.98956081873 	 False 	 9 	 8 	7 	11 	19 	6 	14 	21 	18 	2 	17 	16 	5 	13 	12 	23 	3 	1 	9 	4 	22 	15 	8 	10 	24 	20 	0
CL 	 dot-jump 	 False 	 20 	 circle 	 1024 	 768 	 1.16079767166 	 44.445 	 66.667 	 21 	 5.02640136157 	 2.90199417916 	 -5.02640136157 	 -2.90199417916 	 4.7046707768 	 2.63461563501 	 False 	 6 	 9 	2 	6 	16 	17 	7 	20 	21 	22 	23 	9 	10 	3 	18 	5 	11 	15 	13 	4 	24 	14 	19 	1 	12 	8 	0
CL 	 dot-jump 	 False 	 21 	 circle 	 1024 	 768 	 1.16079767166 	 44.445 	 66.667 	 23 	 2.90199417916 	 5.02640136157 	 1.50218272469 	 5.60622225078 	 2.5969782688 	 4.74230814302 	 False 	 3 	 12 	10 	19 	18 	23 	9 	12 	11 	16 	14 	13 	17 	22 	24 	6 	15 	2 	5 	7 	8 	20 	21 	4 	1 	3 	0
CL 	 dot-jump 	 False 	 22 	 circle 	 1024 	 768 	 1.16079767166 	 44.445 	 66.667 	 21 	 5.02640136157 	 2.90199417916 	 2.90199417916 	 5.02640136157 	 5.45741810109 	 2.8604398323 	 False 	 12 	 13 	6 	7 	13 	20 	3 	12 	4 	18 	1 	16 	17 	10 	21 	23 	5 	2 	24 	22 	9 	15 	8 	14 	11 	19 	0
CL 	 dot-jump 	 False 	 23 	 circle 	 1024 	 768 	 1.16079767166 	 44.445 	 66.667 	 19 	 5.80398835832 	 0.0 	 5.60622225078 	 1.50218272469 	 5.75851703081 	 -0.33873629593 	 False 	 7 	 16 	9 	10 	7 	5 	23 	17 	2 	19 	22 	14 	6 	21 	8 	13 	16 	11 	20 	4 	15 	12 	3 	18 	1 	24 	0
CL 	 dot-jump 	 False 	 24 	 circle 	 1024 	 768 	 1.16079767166 	 44.445 	 66.667 	 4 	 -4.10403952609 	 4.10403952609 	 -2.90199417916 	 5.02640136157 	 -4.02719818494 	 4.06483555116 	 False 	 13 	 10 	17 	1 	19 	10 	23 	9 	2 	11 	6 	14 	3 	20 	22 	4 	16 	18 	13 	24 	21 	12 	5 	15 	7 	8 	0
CL 	 dot-jump 	 False 	 25 	 circle 	 1024 	 768 	 1.16079767166 	 44.445 	 66.667 	 12 	 -1.50218272469 	 -5.60622225078 	 -1.50218272469 	 -5.60622225078 	 -1.99478040936 	 -5.83379176324 	 True 	 11 	 11 	24 	7 	8 	10 	14 	5 	13 	4 	21 	11 	19 	12 	17 	1 	20 	2 	18 	23 	6 	9 	22 	15 	3 	16 	0
CL 	 dot-jump 	 False 	 26 	 circle 	 1024 	 768 	 1.16079767166 	 44.445 	 66.667 	 2 	 -1.50218272469 	 5.60622225078 	 0.0 	 5.80398835832 	 -1.43021991615 	 5.98434122809 	 False 	 0 	 14 	2 	13 	18 	20 	5 	10 	23 	8 	16 	14 	6 	12 	9 	24 	1 	11 	3 	17 	21 	22 	19 	7 	4 	15 	0
CL 	 dot-jump 	 False 	 27 	 circle 	 1024 	 768 	 1.16079767166 	 44.445 	 66.667 	 12 	 -1.50218272469 	 -5.60622225078 	 5.60622225078 	 -1.50218272469 	 -1.50549464858 	 -5.79615439702 	 False 	 0 	 15 	12 	17 	21 	6 	11 	24 	1 	5 	9 	16 	4 	15 	13 	23 	8 	18 	10 	2 	14 	22 	20 	7 	3 	19 	0
CL 	 dot-jump 	 False 	 28 	 circle 	 1024 	 768 	 1.16079767166 	 44.445 	 66.667 	 16 	 4.10403952609 	 -4.10403952609 	 -5.60622225078 	 -1.50218272469 	 3.95192345251 	 -3.83901135387 	 False 	 21 	 11 	11 	5 	22 	13 	3 	24 	15 	9 	10 	20 	23 	8 	19 	18 	21 	12 	7 	6 	2 	14 	1 	16 	17 	4 	0
CL 	 dot-jump 	 False 	 29 	 circle 	 1024 	 768 	 1.16079767166 	 44.445 	 66.667 	 12 	 -1.50218272469 	 -5.60622225078 	 0.0 	 -5.80398835832 	 -1.58076938101 	 -6.13489069295 	 False 	 10 	 16 	18 	24 	20 	7 	4 	16 	17 	8 	14 	5 	12 	11 	19 	22 	15 	2 	13 	10 	23 	3 	21 	1 	9 	6 	0
CL 	 dot-jump 	 False 	 30 	 circle 	 1024 	 768 	 1.16079767166 	 44.445 	 66.667 	 12 	 -1.50218272469 	 -5.60622225078 	 -1.50218272469 	 -5.60622225078 	 -1.65604411343 	 -5.68324229838 	 True 	 12 	 12 	17 	18 	6 	13 	21 	3 	7 	8 	16 	20 	11 	9 	12 	23 	22 	14 	10 	2 	4 	19 	24 	5 	1 	15 	0
CL 	 dot-jump 	 False 	 31 	 circle 	 1024 	 768 	 1.16079767166 	 44.445 	 66.667 	 14 	 1.50218272469 	 -5.60622225078 	 -5.60622225078 	 -1.50218272469 	 1.46785728236 	 -5.75851703081 	 False 	 22 	 13 	24 	7 	16 	11 	3 	19 	9 	12 	17 	6 	18 	22 	13 	8 	5 	1 	15 	4 	2 	21 	20 	23 	14 	10 	0
CL 	 dot-jump 	 False 	 32 	 circle 	 1024 	 768 	 1.16079767166 	 44.445 	 66.667 	 19 	 5.80398835832 	 0.0 	 5.80398835832 	 0.0 	 5.79615439702 	 -0.301098929715 	 True 	 14 	 14 	15 	13 	11 	8 	1 	17 	4 	6 	7 	3 	14 	22 	16 	12 	19 	10 	24 	20 	5 	9 	18 	23 	2 	21 	0
CL 	 dot-jump 	 False 	 33 	 circle 	 1024 	 768 	 1.16079767166 	 44.445 	 66.667 	 6 	 -5.60622225078 	 1.50218272469 	 -4.10403952609 	 4.10403952609 	 -5.75851703081 	 1.27967045129 	 False 	 0 	 8 	6 	18 	22 	10 	23 	13 	21 	19 	4 	5 	8 	16 	2 	7 	12 	3 	1 	9 	11 	17 	14 	15 	24 	20 	0
CL 	 dot-jump 	 False 	 34 	 circle 	 1024 	 768 	 1.16079767166 	 44.445 	 66.667 	 9 	 -5.02640136157 	 -2.90199417916 	 -4.10403952609 	 -4.10403952609 	 -5.26923127002 	 -2.93571456472 	 False 	 11 	 10 	14 	4 	1 	2 	22 	21 	17 	24 	15 	5 	10 	9 	11 	18 	7 	16 	13 	23 	20 	6 	3 	12 	8 	19 	0
CL 	 dot-jump 	 False 	 35 	 circle 	 1024 	 768 	 1.16079767166 	 44.445 	 66.667 	 14 	 1.50218272469 	 -5.60622225078 	 -1.50218272469 	 -5.60622225078 	 1.58076938101 	 -5.72087966459 	 False 	 4 	 9 	2 	23 	11 	8 	14 	5 	17 	7 	20 	12 	15 	13 	18 	16 	21 	4 	6 	1 	22 	10 	9 	24 	3 	19 	0
CL 	 dot-jump 	 False 	 36 	 circle 	 1024 	 768 	 1.16079767166 	 44.445 	 66.667 	 6 	 -5.60622225078 	 1.50218272469 	 -5.60622225078 	 -1.50218272469 	 -5.34450600245 	 1.76895621208 	 False 	 11 	 15 	9 	1 	15 	7 	20 	10 	19 	23 	12 	21 	14 	6 	3 	4 	24 	8 	22 	5 	2 	17 	13 	11 	18 	16 	0
CL 	 dot-jump 	 False 	 37 	 circle 	 1024 	 768 	 1.16079767166 	 44.445 	 66.667 	 17 	 5.02640136157 	 -2.90199417916 	 5.60622225078 	 1.50218272469 	 4.93049497409 	 -3.31208822687 	 False 	 23 	 13 	9 	6 	10 	13 	23 	7 	12 	1 	21 	22 	3 	11 	14 	20 	4 	15 	24 	2 	5 	16 	18 	8 	19 	17 	0
CL 	 dot-jump 	 False 	 38 	 circle 	 1024 	 768 	 1.16079767166 	 44.445 	 66.667 	 7 	 -5.80398835832 	 0.0 	 1.50218272469 	 -5.60622225078 	 -5.75851703081 	 -0.301098929715 	 False 	 11 	 10 	16 	19 	10 	11 	24 	21 	13 	8 	4 	9 	14 	7 	2 	15 	20 	6 	18 	12 	22 	5 	23 	1 	3 	17 	0
CL 	 dot-jump 	 False 	 39 	 circle 	 1024 	 768 	 1.16079767166 	 44.445 	 66.667 	 13 	 0.0 	 -5.80398835832 	 1.50218272469 	 -5.60622225078 	 0.564560493216 	 -5.53269283352 	 False 	 23 	 12 	8 	9 	5 	20 	7 	22 	17 	18 	16 	11 	21 	2 	14 	10 	12 	6 	15 	23 	19 	3 	24 	4 	1 	13 	0
CL 	 dot-jump 	 False 	 40 	 circle 	 1024 	 768 	 1.16079767166 	 44.445 	 66.667 	 21 	 5.02640136157 	 2.90199417916 	 -5.80398835832 	 0.0 	 5.49505546731 	 2.89807719851 	 False 	 15 	 14 	18 	9 	3 	8 	4 	12 	6 	16 	13 	5 	17 	15 	14 	23 	7 	21 	19 	10 	2 	22 	20 	24 	11 	1 	0
CL 	 dot-jump 	 False 	 41 	 circle 	 1024 	 768 	 1.16079767166 	 44.445 	 66.667 	 3 	 -2.90199417916 	 5.02640136157 	 -1.50218272469 	 5.60622225078 	 -2.82280246608 	 5.08104443895 	 False 	 12 	 8 	14 	8 	11 	15 	12 	23 	1 	10 	2 	9 	5 	7 	3 	6 	16 	22 	13 	19 	21 	17 	20 	18 	24 	4 	0
CL 	 dot-jump 	 False 	 42 	 circle 	 1024 	 768 	 1.16079767166 	 44.445 	 66.667 	 3 	 -2.90199417916 	 5.02640136157 	 -1.50218272469 	 -5.60622225078 	 -2.63461563501 	 4.74230814302 	 False 	 8 	 16 	23 	21 	24 	13 	17 	16 	5 	6 	3 	1 	20 	4 	7 	14 	18 	9 	12 	2 	15 	8 	10 	19 	22 	11 	0
CL 	 dot-jump 	 False 	 43 	 circle 	 1024 	 768 	 1.16079767166 	 44.445 	 66.667 	 9 	 -5.02640136157 	 -2.90199417916 	 -4.10403952609 	 -4.10403952609 	 -5.34450600245 	 -3.16153876201 	 False 	 14 	 9 	23 	6 	14 	3 	5 	20 	22 	18 	17 	10 	8 	24 	16 	4 	9 	11 	7 	21 	13 	1 	15 	19 	12 	2 	0
CL 	 dot-jump 	 False 	 44 	 circle 	 1024 	 768 	 1.16079767166 	 44.445 	 66.667 	 21 	 5.02640136157 	 2.90199417916 	 5.80398835832 	 0.0 	 5.19395653759 	 2.82280246608 	 False 	 12 	 11 	22 	11 	2 	7 	8 	20 	18 	14 	10 	4 	23 	19 	21 	16 	9 	13 	24 	3 	17 	6 	5 	15 	12 	1 	0
CL 	 dot-jump 	 False 	 45 	 circle 	 1024 	 768 	 1.16079767166 	 44.445 	 66.667 	 21 	 5.02640136157 	 2.90199417916 	 4.10403952609 	 4.10403952609 	 5.41978073488 	 2.93571456472 	 False 	 1 	 11 	15 	21 	2 	20 	4 	9 	3 	14 	19 	13 	24 	22 	7 	17 	5 	23 	1 	10 	8 	6 	18 	11 	16 	12 	0
CL 	 dot-jump 	 False 	 46 	 circle 	 1024 	 768 	 1.16079767166 	 44.445 	 66.667 	 23 	 2.90199417916 	 5.02640136157 	 4.10403952609 	 4.10403952609 	 3.04862666337 	 5.30686863623 	 False 	 16 	 15 	4 	20 	16 	21 	6 	15 	19 	1 	10 	18 	11 	12 	17 	2 	24 	22 	23 	14 	7 	9 	5 	8 	13 	3 	0
CL 	 dot-jump 	 False 	 47 	 circle 	 1024 	 768 	 1.16079767166 	 44.445 	 66.667 	 18 	 5.60622225078 	 -1.50218272469 	 5.02640136157 	 2.90199417916 	 5.94670386188 	 -1.80659357829 	 False 	 17 	 13 	1 	10 	7 	23 	12 	9 	22 	24 	11 	16 	2 	3 	14 	21 	17 	6 	20 	18 	8 	4 	5 	19 	15 	13 	0
CL 	 dot-jump 	 False 	 48 	 circle 	 1024 	 768 	 1.16079767166 	 44.445 	 66.667 	 24 	 1.50218272469 	 5.60622225078 	 5.02640136157 	 2.90199417916 	 1.73131884586 	 5.30686863623 	 False 	 1 	 16 	9 	24 	4 	5 	22 	15 	19 	7 	16 	10 	20 	23 	13 	12 	11 	3 	21 	1 	14 	8 	17 	18 	2 	6 	0
CL 	 dot-jump 	 False 	 49 	 circle 	 1024 	 768 	 1.16079767166 	 44.445 	 66.667 	 14 	 1.50218272469 	 -5.60622225078 	 2.90199417916 	 -5.02640136157 	 1.99478040936 	 -5.75851703081 	 False 	 16 	 9 	18 	13 	17 	21 	16 	8 	10 	7 	3 	15 	20 	12 	9 	23 	19 	5 	14 	1 	22 	4 	24 	2 	11 	6 	0
CL 	 dot-jump 	 False 	 50 	 circle 	 1024 	 768 	 1.16079767166 	 44.445 	 66.667 	 24 	 1.50218272469 	 5.60622225078 	 2.90199417916 	 5.02640136157 	 1.3173078175 	 5.72087966459 	 False 	 16 	 12 	6 	8 	14 	22 	17 	11 	12 	9 	21 	16 	10 	20 	23 	2 	7 	1 	24 	4 	15 	19 	13 	5 	3 	18 	0
CL 	 dot-jump 	 False 	 51 	 circle 	 1024 	 768 	 1.16079767166 	 44.445 	 66.667 	 3 	 -2.90199417916 	 5.02640136157 	 -2.90199417916 	 5.02640136157 	 -3.19917612823 	 4.74230814302 	 True 	 14 	 14 	12 	8 	15 	19 	23 	20 	2 	5 	24 	21 	18 	6 	9 	10 	3 	17 	14 	1 	13 	22 	16 	7 	4 	11 	0
CL 	 dot-jump 	 False 	 52 	 circle 	 1024 	 768 	 1.16079767166 	 44.445 	 66.667 	 19 	 5.80398835832 	 0.0 	 5.60622225078 	 1.50218272469 	 5.57033019973 	 0.376373662144 	 False 	 11 	 8 	4 	15 	9 	21 	3 	11 	8 	16 	20 	13 	23 	19 	2 	24 	10 	18 	14 	7 	22 	12 	1 	17 	6 	5 	0
CL 	 dot-jump 	 False 	 53 	 circle 	 1024 	 768 	 1.16079767166 	 44.445 	 66.667 	 2 	 -1.50218272469 	 5.60622225078 	 -1.50218272469 	 5.60622225078 	 -1.69368147965 	 5.30686863623 	 True 	 10 	 10 	24 	23 	7 	10 	14 	12 	15 	6 	19 	13 	2 	9 	16 	22 	11 	17 	5 	1 	18 	8 	4 	20 	3 	21 	0
CL 	 dot-jump 	 False 	 54 	 circle 	 1024 	 768 	 1.16079767166 	 44.445 	 66.667 	 4 	 -4.10403952609 	 4.10403952609 	 -2.90199417916 	 -5.02640136157 	 -4.40357184709 	 3.87664872009 	 False 	 0 	 14 	4 	19 	15 	12 	13 	21 	6 	7 	1 	10 	9 	17 	16 	5 	11 	3 	23 	20 	24 	22 	2 	18 	8 	14 	0
CL 	 dot-jump 	 False 	 55 	 circle 	 1024 	 768 	 1.16079767166 	 44.445 	 66.667 	 22 	 4.10403952609 	 4.10403952609 	 4.10403952609 	 -4.10403952609 	 3.9142860863 	 3.68846188901 	 False 	 9 	 8 	7 	12 	20 	17 	15 	9 	11 	24 	16 	22 	8 	3 	19 	5 	4 	21 	23 	6 	10 	13 	18 	2 	14 	1 	0
CL 	 dot-jump 	 False 	 56 	 circle 	 1024 	 768 	 1.16079767166 	 44.445 	 66.667 	 14 	 1.50218272469 	 -5.60622225078 	 4.10403952609 	 4.10403952609 	 1.76895621208 	 -5.75851703081 	 False 	 21 	 12 	3 	18 	19 	24 	23 	21 	12 	17 	5 	16 	1 	2 	22 	20 	6 	11 	10 	15 	13 	8 	4 	14 	7 	9 	0
CL 	 dot-jump 	 False 	 57 	 circle 	 1024 	 768 	 1.16079767166 	 44.445 	 66.667 	 16 	 4.10403952609 	 -4.10403952609 	 -4.10403952609 	 4.10403952609 	 4.40357184709 	 -4.40357184709 	 False 	 15 	 16 	3 	13 	23 	10 	6 	17 	8 	5 	7 	21 	1 	14 	15 	24 	12 	16 	4 	11 	9 	22 	20 	2 	19 	18 	0
CL 	 dot-jump 	 False 	 58 	 circle 	 1024 	 768 	 1.16079767166 	 44.445 	 66.667 	 3 	 -2.90199417916 	 5.02640136157 	 -5.02640136157 	 2.90199417916 	 -3.23681349444 	 4.81758287545 	 False 	 12 	 10 	15 	6 	14 	24 	10 	22 	16 	2 	18 	19 	5 	11 	3 	17 	7 	4 	12 	23 	9 	20 	8 	13 	1 	21 	0
CL 	 dot-jump 	 False 	 59 	 circle 	 1024 	 768 	 1.16079767166 	 44.445 	 66.667 	 3 	 -2.90199417916 	 5.02640136157 	 -2.90199417916 	 5.02640136157 	 -3.04862666337 	 4.93049497409 	 True 	 15 	 15 	17 	14 	12 	15 	4 	1 	11 	22 	5 	8 	2 	18 	10 	13 	20 	3 	21 	16 	23 	19 	9 	7 	24 	6 	0
CL 	 dot-jump 	 False 	 60 	 circle 	 1024 	 768 	 1.16079767166 	 44.445 	 66.667 	 4 	 -4.10403952609 	 4.10403952609 	 -2.90199417916 	 -5.02640136157 	 -3.87664872009 	 4.21538501602 	 False 	 4 	 11 	3 	20 	7 	22 	4 	14 	2 	8 	21 	6 	1 	11 	15 	16 	23 	12 	9 	17 	24 	13 	5 	10 	19 	18 	0
CL 	 dot-jump 	 False 	 61 	 circle 	 1024 	 768 	 1.16079767166 	 44.445 	 66.667 	 14 	 1.50218272469 	 -5.60622225078 	 -5.02640136157 	 2.90199417916 	 1.46785728236 	 -5.72087966459 	 False 	 12 	 13 	11 	8 	24 	15 	22 	20 	4 	12 	16 	10 	17 	23 	14 	5 	9 	1 	18 	13 	19 	7 	3 	6 	21 	2 	0
CL 	 dot-jump 	 False 	 62 	 circle 	 1024 	 768 	 1.16079767166 	 44.445 	 66.667 	 10 	 -4.10403952609 	 -4.10403952609 	 -4.10403952609 	 -4.10403952609 	 -3.87664872009 	 -4.66703341059 	 True 	 9 	 9 	3 	12 	24 	19 	23 	17 	9 	2 	6 	10 	15 	11 	7 	16 	21 	1 	18 	5 	4 	14 	8 	20 	13 	22 	0
CL 	 dot-jump 	 False 	 63 	 circle 	 1024 	 768 	 1.16079767166 	 44.445 	 66.667 	 16 	 4.10403952609 	 -4.10403952609 	 5.60622225078 	 1.50218272469 	 4.36593448087 	 -4.29065974844 	 False 	 12 	 11 	19 	8 	21 	15 	18 	13 	14 	6 	24 	2 	9 	20 	16 	22 	3 	7 	11 	12 	1 	17 	4 	23 	5 	10 	0
CL 	 dot-jump 	 False 	 64 	 circle 	 1024 	 768 	 1.16079767166 	 44.445 	 66.667 	 9 	 -5.02640136157 	 -2.90199417916 	 -5.02640136157 	 -2.90199417916 	 -5.00576970652 	 -3.3873629593 	 True 	 13 	 13 	14 	1 	11 	7 	10 	17 	23 	15 	5 	18 	2 	21 	16 	9 	19 	22 	6 	24 	20 	13 	3 	8 	12 	4 	0
CL 	 dot-jump 	 False 	 65 	 circle 	 1024 	 768 	 1.16079767166 	 44.445 	 66.667 	 24 	 1.50218272469 	 5.60622225078 	 0.0 	 -5.80398835832 	 1.54313201479 	 5.53269283352 	 False 	 11 	 10 	21 	5 	8 	19 	23 	18 	9 	1 	3 	20 	13 	24 	11 	16 	7 	4 	22 	10 	2 	12 	17 	15 	6 	14 	0
CL 	 dot-jump 	 False 	 66 	 circle 	 1024 	 768 	 1.16079767166 	 44.445 	 66.667 	 20 	 5.60622225078 	 1.50218272469 	 5.02640136157 	 2.90199417916 	 6.02197859431 	 1.3173078175 	 False 	 15 	 14 	24 	9 	3 	14 	7 	18 	22 	6 	4 	8 	15 	17 	10 	12 	21 	20 	13 	23 	1 	2 	11 	16 	5 	19 	0
CL 	 dot-jump 	 False 	 67 	 circle 	 1024 	 768 	 1.16079767166 	 44.445 	 66.667 	 21 	 5.02640136157 	 2.90199417916 	 4.10403952609 	 4.10403952609 	 5.15631917138 	 2.97335193094 	 False 	 12 	 15 	15 	16 	4 	23 	18 	8 	10 	2 	17 	5 	12 	19 	21 	13 	7 	22 	6 	14 	1 	11 	20 	9 	3 	24 	0
CL 	 dot-jump 	 False 	 68 	 circle 	 1024 	 768 	 1.16079767166 	 44.445 	 66.667 	 4 	 -4.10403952609 	 4.10403952609 	 -5.80398835832 	 0.0 	 -3.9142860863 	 4.10247291737 	 False 	 11 	 8 	18 	5 	22 	9 	10 	15 	2 	24 	7 	6 	23 	4 	21 	19 	8 	12 	16 	13 	1 	20 	11 	3 	14 	17 	0
CL 	 dot-jump 	 False 	 69 	 circle 	 1024 	 768 	 1.16079767166 	 44.445 	 66.667 	 15 	 2.90199417916 	 -5.02640136157 	 2.90199417916 	 -5.02640136157 	 2.78516509987 	 -5.34450600245 	 True 	 16 	 16 	10 	19 	6 	11 	4 	20 	8 	17 	24 	16 	1 	21 	18 	13 	23 	12 	15 	5 	14 	22 	3 	9 	2 	7 	0
CL 	 dot-jump 	 False 	 70 	 circle 	 1024 	 768 	 1.16079767166 	 44.445 	 66.667 	 24 	 1.50218272469 	 5.60622225078 	 5.80398835832 	 0.0 	 1.58076938101 	 5.30686863623 	 False 	 10 	 9 	5 	13 	21 	16 	1 	20 	17 	7 	3 	19 	24 	2 	18 	4 	11 	10 	8 	12 	6 	9 	15 	22 	23 	14 	0
CL 	 dot-jump 	 False 	 71 	 circle 	 1024 	 768 	 1.16079767166 	 44.445 	 66.667 	 22 	 4.10403952609 	 4.10403952609 	 -1.50218272469 	 -5.60622225078 	 3.95192345251 	 3.68846188901 	 False 	 14 	 12 	13 	20 	2 	8 	10 	16 	5 	15 	9 	7 	19 	3 	12 	23 	22 	17 	14 	11 	1 	6 	21 	4 	24 	18 	0
CL 	 dot-jump 	 False 	 72 	 circle 	 1024 	 768 	 1.16079767166 	 44.445 	 66.667 	 14 	 1.50218272469 	 -5.60622225078 	 -4.10403952609 	 -4.10403952609 	 1.3173078175 	 -5.45741810109 	 False 	 20 	 16 	9 	2 	5 	18 	3 	16 	17 	20 	1 	6 	19 	21 	11 	24 	13 	15 	10 	23 	8 	7 	14 	22 	12 	4 	0
CL 	 dot-jump 	 False 	 73 	 circle 	 1024 	 768 	 1.16079767166 	 44.445 	 66.667 	 13 	 0.0 	 -5.80398835832 	 -2.90199417916 	 5.02640136157 	 0.112912098643 	 -5.64560493216 	 False 	 13 	 12 	16 	22 	4 	20 	21 	5 	24 	11 	14 	19 	2 	1 	3 	13 	17 	15 	6 	12 	7 	10 	23 	9 	18 	8 	0
CL 	 dot-jump 	 False 	 74 	 circle 	 1024 	 768 	 1.16079767166 	 44.445 	 66.667 	 22 	 4.10403952609 	 4.10403952609 	 2.90199417916 	 5.02640136157 	 4.36593448087 	 4.29065974844 	 False 	 17 	 9 	2 	5 	15 	12 	10 	7 	14 	9 	18 	23 	21 	17 	11 	13 	19 	6 	8 	22 	4 	16 	20 	24 	1 	3 	0
CL 	 dot-jump 	 False 	 75 	 circle 	 1024 	 768 	 1.16079767166 	 44.445 	 66.667 	 23 	 2.90199417916 	 5.02640136157 	 -5.60622225078 	 1.50218272469 	 2.55934090258 	 4.89285760787 	 False 	 0 	 15 	23 	15 	17 	4 	14 	12 	8 	13 	5 	3 	20 	7 	10 	9 	21 	6 	24 	2 	11 	1 	16 	19 	18 	22 	0
CL 	 dot-jump 	 False 	 76 	 circle 	 1024 	 768 	 1.16079767166 	 44.445 	 66.667 	 6 	 -5.60622225078 	 1.50218272469 	 -5.02640136157 	 2.90199417916 	 -6.02197859431 	 1.46785728236 	 False 	 10 	 8 	18 	4 	3 	14 	12 	20 	24 	23 	5 	2 	6 	21 	11 	10 	22 	16 	8 	19 	17 	1 	7 	9 	15 	13 	0
CL 	 dot-jump 	 False 	 77 	 circle 	 1024 	 768 	 1.16079767166 	 44.445 	 66.667 	 18 	 5.60622225078 	 -1.50218272469 	 5.60622225078 	 -1.50218272469 	 5.34450600245 	 -1.58076938101 	 True 	 13 	 13 	21 	15 	23 	12 	22 	16 	13 	8 	2 	17 	7 	6 	19 	18 	24 	1 	3 	20 	5 	11 	10 	14 	9 	4 	0
CL 	 dot-jump 	 False 	 78 	 circle 	 1024 	 768 	 1.16079767166 	 44.445 	 66.667 	 16 	 4.10403952609 	 -4.10403952609 	 -1.50218272469 	 5.60622225078 	 3.72609925523 	 -3.72609925523 	 False 	 21 	 10 	23 	22 	6 	5 	17 	19 	21 	13 	3 	7 	2 	18 	20 	9 	15 	4 	24 	8 	14 	12 	1 	16 	10 	11 	0
CL 	 dot-jump 	 False 	 79 	 circle 	 1024 	 768 	 1.16079767166 	 44.445 	 66.667 	 23 	 2.90199417916 	 5.02640136157 	 -4.10403952609 	 -4.10403952609 	 3.01098929715 	 4.74230814302 	 False 	 15 	 14 	14 	17 	7 	13 	3 	9 	12 	21 	19 	24 	2 	16 	22 	15 	10 	23 	18 	4 	1 	11 	6 	5 	8 	20 	0
CL 	 dot-jump 	 False 	 80 	 circle 	 1024 	 768 	 1.16079767166 	 44.445 	 66.667 	 15 	 2.90199417916 	 -5.02640136157 	 4.10403952609 	 -4.10403952609 	 3.04862666337 	 -5.19395653759 	 False 	 21 	 11 	18 	11 	23 	7 	9 	21 	12 	20 	5 	14 	4 	16 	24 	1 	6 	2 	13 	10 	17 	22 	3 	15 	19 	8 	0
CL 	 dot-jump 	 False 	 81 	 circle 	 1024 	 768 	 1.16079767166 	 44.445 	 66.667 	 11 	 -2.90199417916 	 -5.02640136157 	 -2.90199417916 	 -5.02640136157 	 -3.31208822687 	 -5.53269283352 	 True 	 14 	 14 	8 	5 	1 	20 	12 	18 	6 	9 	7 	15 	2 	4 	17 	14 	11 	23 	10 	3 	16 	13 	22 	19 	21 	24 	0
CL 	 dot-jump 	 False 	 82 	 circle 	 1024 	 768 	 1.16079767166 	 44.445 	 66.667 	 7 	 -5.80398835832 	 0.0 	 -1.50218272469 	 -5.60622225078 	 -5.72087966459 	 -0.263461563501 	 False 	 15 	 11 	10 	13 	9 	3 	11 	19 	16 	4 	23 	21 	17 	12 	22 	5 	20 	7 	18 	14 	15 	1 	2 	8 	24 	6 	0
CL 	 dot-jump 	 False 	 83 	 circle 	 1024 	 768 	 1.16079767166 	 44.445 	 66.667 	 21 	 5.02640136157 	 2.90199417916 	 -5.02640136157 	 -2.90199417916 	 4.7046707768 	 2.5969782688 	 False 	 2 	 15 	10 	20 	21 	13 	14 	6 	1 	23 	11 	3 	17 	4 	24 	15 	5 	9 	22 	12 	8 	7 	18 	16 	19 	2 	0
CL 	 dot-jump 	 False 	 84 	 circle 	 1024 	 768 	 1.16079767166 	 44.445 	 66.667 	 23 	 2.90199417916 	 5.02640136157 	 5.02640136157 	 2.90199417916 	 3.23681349444 	 5.2315939038 	 False 	 1 	 13 	18 	23 	9 	6 	5 	13 	2 	12 	24 	14 	8 	10 	15 	21 	22 	4 	1 	17 	20 	3 	19 	7 	16 	11 	0
CL 	 dot-jump 	 False 	 85 	 circle 	 1024 	 768 	 1.16079767166 	 44.445 	 66.667 	 19 	 5.80398835832 	 0.0 	 -5.80398835832 	 0.0 	 4.9681323403 	 -0.150549464858 	 False 	 11 	 10 	4 	2 	12 	21 	14 	11 	17 	1 	22 	24 	7 	19 	9 	23 	13 	6 	15 	10 	8 	16 	3 	18 	5 	20 	0
CL 	 dot-jump 	 False 	 86 	 circle 	 1024 	 768 	 1.16079767166 	 44.445 	 66.667 	 18 	 5.60622225078 	 -1.50218272469 	 5.60622225078 	 -1.50218272469 	 6.13489069295 	 -1.39258254993 	 True 	 12 	 12 	16 	12 	22 	10 	14 	20 	15 	6 	21 	9 	24 	8 	18 	1 	4 	3 	7 	23 	19 	5 	17 	13 	2 	11 	0
CL 	 dot-jump 	 False 	 87 	 circle 	 1024 	 768 	 1.16079767166 	 44.445 	 66.667 	 8 	 -5.60622225078 	 -1.50218272469 	 -5.02640136157 	 -2.90199417916 	 -5.30686863623 	 -1.88186831072 	 False 	 12 	 8 	21 	5 	23 	12 	10 	16 	4 	11 	9 	6 	19 	13 	8 	17 	7 	3 	2 	14 	15 	24 	20 	18 	1 	22 	0
CL 	 dot-jump 	 False 	 88 	 circle 	 1024 	 768 	 1.16079767166 	 44.445 	 66.667 	 10 	 -4.10403952609 	 -4.10403952609 	 -5.02640136157 	 -2.90199417916 	 -4.81758287545 	 -3.83901135387 	 False 	 21 	 16 	14 	20 	1 	16 	24 	22 	2 	18 	15 	12 	7 	8 	4 	5 	11 	13 	9 	3 	6 	23 	21 	10 	19 	17 	0
CL 	 dot-jump 	 False 	 89 	 circle 	 1024 	 768 	 1.16079767166 	 44.445 	 66.667 	 4 	 -4.10403952609 	 4.10403952609 	 -5.80398835832 	 0.0 	 -4.14011028359 	 3.80137398766 	 False 	 12 	 9 	12 	8 	5 	10 	3 	6 	13 	11 	16 	7 	2 	18 	4 	20 	1 	15 	14 	24 	9 	17 	19 	21 	23 	22 	0
CL 	 dot-jump 	 False 	 90 	 circle 	 1024 	 768 	 1.16079767166 	 44.445 	 66.667 	 15 	 2.90199417916 	 -5.02640136157 	 2.90199417916 	 -5.02640136157 	 2.97335193094 	 -5.11868180516 	 True 	 9 	 9 	6 	23 	3 	13 	16 	11 	9 	8 	12 	15 	19 	18 	7 	22 	1 	24 	21 	14 	17 	5 	20 	4 	10 	2 	0
CL 	 dot-jump 	 False 	 91 	 circle 	 1024 	 768 	 1.16079767166 	 44.445 	 66.667 	 13 	 0.0 	 -5.80398835832 	 5.02640136157 	 -2.90199417916 	 -0.225824197287 	 -6.21016542538 	 False 	 13 	 15 	3 	16 	12 	9 	24 	1 	5 	7 	14 	6 	21 	2 	22 	13 	10 	17 	4 	19 	8 	15 	11 	18 	23 	20 	0
CL 	 dot-jump 	 False 	 92 	 circle 	 1024 	 768 	 1.16079767166 	 44.445 	 66.667 	 23 	 2.90199417916 	 5.02640136157 	 -1.50218272469 	 5.60622225078 	 2.5969782688 	 5.2315939038 	 False 	 18 	 13 	4 	12 	19 	13 	1 	10 	5 	9 	8 	11 	7 	22 	18 	2 	17 	14 	6 	3 	23 	24 	21 	15 	16 	20 	0
CL 	 dot-jump 	 False 	 93 	 circle 	 1024 	 768 	 1.16079767166 	 44.445 	 66.667 	 17 	 5.02640136157 	 -2.90199417916 	 5.02640136157 	 -2.90199417916 	 5.57033019973 	 -3.27445086065 	 True 	 10 	 10 	3 	4 	16 	20 	13 	1 	15 	2 	19 	6 	17 	18 	21 	12 	22 	5 	10 	9 	11 	7 	23 	8 	24 	14 	0
CL 	 dot-jump 	 False 	 94 	 circle 	 1024 	 768 	 1.16079767166 	 44.445 	 66.667 	 16 	 4.10403952609 	 -4.10403952609 	 4.10403952609 	 4.10403952609 	 4.21538501602 	 -4.55412131195 	 False 	 14 	 11 	6 	24 	18 	8 	2 	4 	17 	15 	1 	9 	5 	22 	21 	3 	16 	19 	12 	23 	7 	20 	10 	14 	13 	11 	0
CL 	 dot-jump 	 False 	 95 	 circle 	 1024 	 768 	 1.16079767166 	 44.445 	 66.667 	 10 	 -4.10403952609 	 -4.10403952609 	 -5.02640136157 	 -2.90199417916 	 -4.36593448087 	 -4.4412092133 	 False 	 19 	 14 	4 	12 	15 	1 	13 	24 	18 	3 	17 	2 	8 	6 	23 	20 	9 	19 	21 	22 	16 	10 	5 	11 	7 	14 	0
CL 	 dot-jump 	 False 	 96 	 circle 	 1024 	 768 	 1.16079767166 	 44.445 	 66.667 	 16 	 4.10403952609 	 -4.10403952609 	 -1.50218272469 	 5.60622225078 	 4.06483555116 	 -4.06483555116 	 False 	 17 	 16 	20 	23 	18 	1 	19 	5 	21 	24 	6 	17 	9 	14 	12 	8 	11 	15 	2 	16 	13 	10 	4 	3 	22 	7 	0
CL 	 dot-jump 	 False 	 97 	 circle 	 1024 	 768 	 1.16079767166 	 44.445 	 66.667 	 16 	 4.10403952609 	 -4.10403952609 	 4.10403952609 	 -4.10403952609 	 4.59175867816 	 -4.10247291737 	 True 	 12 	 12 	20 	18 	2 	15 	14 	10 	3 	9 	13 	4 	19 	1 	16 	5 	8 	12 	23 	17 	11 	21 	6 	7 	22 	24 	0
CL 	 dot-jump 	 False 	 98 	 circle 	 1024 	 768 	 1.16079767166 	 44.445 	 66.667 	 13 	 0.0 	 -5.80398835832 	 4.10403952609 	 -4.10403952609 	 0.0752747324288 	 -5.60796756595 	 False 	 12 	 8 	1 	18 	17 	15 	3 	23 	21 	4 	16 	11 	8 	14 	13 	2 	7 	6 	10 	20 	9 	5 	12 	24 	22 	19 	0
CL 	 dot-jump 	 False 	 99 	 circle 	 1024 	 768 	 1.16079767166 	 44.445 	 66.667 	 9 	 -5.02640136157 	 -2.90199417916 	 -5.80398835832 	 0.0 	 -4.93049497409 	 -3.04862666337 	 False 	 12 	 10 	23 	12 	19 	1 	10 	21 	8 	16 	17 	15 	7 	5 	9 	22 	2 	6 	18 	11 	24 	3 	13 	20 	14 	4 	0
CL 	 dot-jump 	 False 	 100 	 circle 	 1024 	 768 	 1.16079767166 	 44.445 	 66.667 	 24 	 1.50218272469 	 5.60622225078 	 0.0 	 5.80398835832 	 1.50549464858 	 5.57033019973 	 False 	 22 	 15 	20 	22 	12 	2 	17 	16 	21 	7 	8 	14 	10 	6 	3 	18 	11 	1 	15 	9 	5 	4 	19 	23 	24 	13 	0
CL 	 dot-jump 	 False 	 101 	 circle 	 1024 	 768 	 1.16079767166 	 44.445 	 66.667 	 10 	 -4.10403952609 	 -4.10403952609 	 -5.80398835832 	 0.0 	 -4.02719818494 	 -4.7046707768 	 False 	 12 	 13 	23 	20 	6 	22 	15 	13 	5 	4 	12 	8 	18 	17 	10 	7 	16 	11 	2 	9 	21 	19 	24 	1 	14 	3 	0
CL 	 dot-jump 	 False 	 102 	 circle 	 1024 	 768 	 1.16079767166 	 44.445 	 66.667 	 18 	 5.60622225078 	 -1.50218272469 	 5.02640136157 	 -2.90199417916 	 6.17252805917 	 -1.69368147965 	 False 	 9 	 14 	12 	11 	14 	15 	3 	7 	8 	22 	19 	18 	4 	9 	21 	10 	17 	20 	1 	23 	16 	2 	6 	13 	24 	5 	0
CL 	 dot-jump 	 False 	 103 	 circle 	 1024 	 768 	 1.16079767166 	 44.445 	 66.667 	 22 	 4.10403952609 	 4.10403952609 	 4.10403952609 	 4.10403952609 	 4.21538501602 	 3.9142860863 	 True 	 12 	 12 	20 	3 	11 	9 	4 	19 	1 	12 	7 	24 	2 	17 	22 	10 	18 	23 	16 	5 	21 	13 	8 	14 	6 	15 	0
CL 	 dot-jump 	 False 	 104 	 circle 	 1024 	 768 	 1.16079767166 	 44.445 	 66.667 	 11 	 -2.90199417916 	 -5.02640136157 	 0.0 	 5.80398835832 	 -2.97335193094 	 -5.11868180516 	 False 	 9 	 8 	4 	12 	10 	21 	20 	22 	13 	8 	1 	11 	6 	3 	16 	5 	17 	9 	24 	23 	19 	18 	15 	7 	14 	2 	0
CL 	 dot-jump 	 False 	 105 	 circle 	 1024 	 768 	 1.16079767166 	 44.445 	 66.667 	 19 	 5.80398835832 	 0.0 	 -1.50218272469 	 -5.60622225078 	 6.02197859431 	 -0.564560493216 	 False 	 12 	 11 	1 	22 	21 	2 	7 	6 	17 	24 	20 	15 	18 	12 	19 	10 	13 	16 	5 	14 	9 	11 	23 	3 	8 	4 	0
CL 	 dot-jump 	 False 	 106 	 circle 	 1024 	 768 	 1.16079767166 	 44.445 	 66.667 	 16 	 4.10403952609 	 -4.10403952609 	 4.10403952609 	 -4.10403952609 	 4.21538501602 	 -3.80137398766 	 True 	 9 	 9 	20 	15 	24 	9 	1 	14 	22 	13 	18 	16 	5 	21 	23 	3 	4 	12 	11 	19 	6 	17 	10 	8 	7 	2 	0
CL 	 dot-jump 	 False 	 107 	 circle 	 1024 	 768 	 1.16079767166 	 44.445 	 66.667 	 17 	 5.02640136157 	 -2.90199417916 	 -2.90199417916 	 5.02640136157 	 4.85522024166 	 -3.04862666337 	 False 	 15 	 16 	4 	2 	15 	12 	18 	5 	23 	21 	22 	24 	7 	20 	10 	9 	14 	17 	3 	16 	13 	1 	11 	19 	6 	8 	0
CL 	 dot-jump 	 False 	 108 	 circle 	 1024 	 768 	 1.16079767166 	 44.445 	 66.667 	 23 	 2.90199417916 	 5.02640136157 	 2.90199417916 	 5.02640136157 	 2.44642880394 	 4.81758287545 	 True 	 16 	 16 	3 	21 	14 	11 	7 	1 	4 	17 	12 	15 	13 	10 	22 	2 	9 	5 	23 	20 	24 	8 	16 	6 	18 	19 	0
CL 	 dot-jump 	 False 	 109 	 circle 	 1024 	 768 	 1.16079767166 	 44.445 	 66.667 	 15 	 2.90199417916 	 -5.02640136157 	 5.80398835832 	 0.0 	 2.8604398323 	 -5.49505546731 	 False 	 16 	 15 	10 	1 	4 	22 	23 	6 	7 	5 	17 	11 	20 	8 	2 	16 	13 	19 	15 	12 	3 	14 	24 	21 	9 	18 	0
CL 	 dot-jump 	 False 	 110 	 circle 	 1024 	 768 	 1.16079767166 	 44.445 	 66.667 	 12 	 -1.50218272469 	 -5.60622225078 	 0.0 	 5.80398835832 	 -1.91950567694 	 -5.64560493216 	 False 	 10 	 11 	3 	13 	22 	10 	15 	11 	19 	2 	9 	5 	12 	1 	17 	14 	21 	18 	20 	23 	4 	8 	7 	6 	16 	24 	0
CL 	 dot-jump 	 False 	 111 	 circle 	 1024 	 768 	 1.16079767166 	 44.445 	 66.667 	 7 	 -5.80398835832 	 0.0 	 -5.60622225078 	 1.50218272469 	 -5.87142912945 	 -0.526923127002 	 False 	 4 	 8 	3 	4 	23 	9 	7 	10 	21 	18 	6 	2 	8 	24 	1 	16 	15 	22 	11 	14 	19 	5 	17 	12 	13 	20 	0
CL 	 dot-jump 	 False 	 112 	 circle 	 1024 	 768 	 1.16079767166 	 44.445 	 66.667 	 22 	 4.10403952609 	 4.10403952609 	 1.50218272469 	 5.60622225078 	 4.21538501602 	 4.1777476498 	 False 	 18 	 13 	2 	15 	21 	6 	7 	11 	3 	18 	8 	19 	23 	10 	16 	24 	5 	4 	1 	13 	22 	17 	14 	20 	12 	9 	0
CL 	 dot-jump 	 False 	 113 	 circle 	 1024 	 768 	 1.16079767166 	 44.445 	 66.667 	 6 	 -5.60622225078 	 1.50218272469 	 4.10403952609 	 4.10403952609 	 -5.2315939038 	 1.65604411343 	 False 	 13 	 12 	21 	12 	1 	5 	17 	16 	14 	11 	3 	8 	23 	18 	22 	6 	19 	13 	15 	4 	7 	9 	20 	2 	24 	10 	0
CL 	 dot-jump 	 False 	 114 	 circle 	 1024 	 768 	 1.16079767166 	 44.445 	 66.667 	 20 	 5.60622225078 	 1.50218272469 	 -1.50218272469 	 -5.60622225078 	 5.2315939038 	 1.12912098643 	 False 	 10 	 9 	24 	11 	21 	1 	5 	17 	4 	2 	23 	12 	20 	15 	18 	3 	16 	10 	22 	19 	13 	9 	8 	14 	7 	6 	0
CL 	 dot-jump 	 False 	 115 	 circle 	 1024 	 768 	 1.16079767166 	 44.445 	 66.667 	 8 	 -5.60622225078 	 -1.50218272469 	 -5.02640136157 	 -2.90199417916 	 -5.53269283352 	 -1.84423094451 	 False 	 14 	 10 	11 	1 	21 	24 	23 	20 	16 	3 	4 	2 	9 	22 	18 	7 	8 	17 	10 	15 	6 	14 	19 	13 	5 	12 	0
CL 	 dot-jump 	 False 	 116 	 circle 	 1024 	 768 	 1.16079767166 	 44.445 	 66.667 	 20 	 5.60622225078 	 1.50218272469 	 5.60622225078 	 1.50218272469 	 5.75851703081 	 1.12912098643 	 True 	 14 	 14 	16 	7 	6 	13 	22 	4 	15 	1 	10 	19 	21 	9 	23 	12 	20 	8 	18 	5 	14 	11 	3 	24 	17 	2 	0
CL 	 dot-jump 	 False 	 117 	 circle 	 1024 	 768 	 1.16079767166 	 44.445 	 66.667 	 15 	 2.90199417916 	 -5.02640136157 	 -1.50218272469 	 -5.60622225078 	 3.04862666337 	 -5.11868180516 	 False 	 3 	 16 	22 	9 	19 	15 	20 	21 	18 	8 	7 	4 	10 	2 	23 	11 	3 	16 	12 	14 	24 	17 	6 	5 	1 	13 	0
CL 	 dot-jump 	 False 	 118 	 circle 	 1024 	 768 	 1.16079767166 	 44.445 	 66.667 	 15 	 2.90199417916 	 -5.02640136157 	 -1.50218272469 	 -5.60622225078 	 3.1239013958 	 -5.00576970652 	 False 	 14 	 12 	7 	10 	1 	21 	11 	9 	13 	4 	14 	24 	3 	23 	12 	17 	15 	19 	16 	2 	6 	22 	8 	20 	18 	5 	0
CL 	 dot-jump 	 False 	 119 	 circle 	 1024 	 768 	 1.16079767166 	 44.445 	 66.667 	 17 	 5.02640136157 	 -2.90199417916 	 1.50218272469 	 -5.60622225078 	 5.2315939038 	 -3.57554979037 	 False 	 21 	 15 	9 	20 	1 	12 	10 	7 	22 	15 	4 	3 	13 	21 	24 	11 	8 	14 	16 	19 	2 	5 	18 	17 	23 	6 	0
CL 	 dot-jump 	 False 	 120 	 circle 	 1024 	 768 	 1.16079767166 	 44.445 	 66.667 	 20 	 5.60622225078 	 1.50218272469 	 5.02640136157 	 2.90199417916 	 5.75851703081 	 1.35494518372 	 False 	 19 	 9 	11 	8 	19 	10 	17 	9 	6 	4 	23 	21 	7 	12 	2 	15 	3 	24 	14 	13 	1 	20 	5 	22 	16 	18 	0
CL 	 dot-jump 	 False 	 121 	 circle 	 1024 	 768 	 1.16079767166 	 44.445 	 66.667 	 14 	 1.50218272469 	 -5.60622225078 	 5.80398835832 	 0.0 	 1.91950567694 	 -5.75851703081 	 False 	 15 	 13 	10 	20 	9 	17 	2 	8 	4 	12 	18 	21 	13 	16 	24 	19 	3 	14 	1 	5 	15 	22 	23 	7 	11 	6 	0
CL 	 dot-jump 	 False 	 122 	 circle 	 1024 	 768 	 1.16079767166 	 44.445 	 66.667 	 15 	 2.90199417916 	 -5.02640136157 	 -5.60622225078 	 -1.50218272469 	 3.27445086065 	 -4.62939604437 	 False 	 16 	 11 	12 	2 	5 	19 	6 	7 	11 	20 	9 	3 	1 	8 	10 	16 	13 	24 	15 	14 	18 	22 	21 	23 	4 	17 	0
CL 	 dot-jump 	 False 	 123 	 circle 	 1024 	 768 	 1.16079767166 	 44.445 	 66.667 	 4 	 -4.10403952609 	 4.10403952609 	 -5.80398835832 	 0.0 	 -4.36593448087 	 4.51648394573 	 False 	 10 	 8 	15 	6 	12 	11 	13 	2 	22 	8 	7 	18 	4 	23 	17 	3 	16 	10 	5 	24 	20 	1 	9 	21 	19 	14 	0
CL 	 dot-jump 	 False 	 124 	 circle 	 1024 	 768 	 1.16079767166 	 44.445 	 66.667 	 16 	 4.10403952609 	 -4.10403952609 	 -2.90199417916 	 5.02640136157 	 4.55412131195 	 -3.95192345251 	 False 	 18 	 10 	22 	2 	10 	20 	19 	8 	11 	1 	13 	9 	3 	15 	23 	17 	7 	14 	6 	18 	16 	24 	4 	12 	5 	21 	0
CL 	 dot-jump 	 False 	 125 	 circle 	 1024 	 768 	 1.16079767166 	 44.445 	 66.667 	 16 	 4.10403952609 	 -4.10403952609 	 4.10403952609 	 -4.10403952609 	 4.14011028359 	 -4.29065974844 	 True 	 14 	 14 	20 	6 	3 	23 	22 	19 	11 	21 	15 	9 	10 	12 	1 	18 	16 	4 	14 	8 	5 	24 	13 	7 	2 	17 	0
CL 	 dot-jump 	 False 	 126 	 circle 	 1024 	 768 	 1.16079767166 	 44.445 	 66.667 	 18 	 5.60622225078 	 -1.50218272469 	 4.10403952609 	 4.10403952609 	 5.34450600245 	 -1.58076938101 	 False 	 3 	 9 	16 	10 	7 	18 	5 	19 	1 	13 	23 	22 	12 	4 	8 	6 	2 	3 	17 	14 	15 	21 	24 	9 	11 	20 	0
CL 	 dot-jump 	 False 	 127 	 circle 	 1024 	 768 	 1.16079767166 	 44.445 	 66.667 	 21 	 5.02640136157 	 2.90199417916 	 -1.50218272469 	 -5.60622225078 	 5.49505546731 	 2.5969782688 	 False 	 0 	 15 	21 	9 	16 	4 	5 	11 	15 	8 	1 	13 	6 	2 	14 	7 	19 	12 	22 	10 	3 	23 	17 	20 	18 	24 	0
CL 	 dot-jump 	 False 	 128 	 circle 	 1024 	 768 	 1.16079767166 	 44.445 	 66.667 	 22 	 4.10403952609 	 4.10403952609 	 2.90199417916 	 5.02640136157 	 4.10247291737 	 4.10247291737 	 False 	 10 	 16 	5 	13 	18 	1 	14 	24 	2 	19 	3 	7 	22 	9 	4 	20 	12 	21 	23 	11 	16 	15 	6 	8 	17 	10 	0
CL 	 dot-jump 	 False 	 129 	 circle 	 1024 	 768 	 1.16079767166 	 44.445 	 66.667 	 10 	 -4.10403952609 	 -4.10403952609 	 -1.50218272469 	 -5.60622225078 	 -4.1777476498 	 -4.4412092133 	 False 	 13 	 11 	18 	23 	2 	9 	6 	19 	7 	4 	17 	15 	8 	12 	24 	10 	20 	1 	21 	5 	11 	13 	14 	22 	3 	16 	0
CL 	 dot-jump 	 False 	 130 	 circle 	 1024 	 768 	 1.16079767166 	 44.445 	 66.667 	 20 	 5.60622225078 	 1.50218272469 	 5.60622225078 	 1.50218272469 	 5.2315939038 	 1.58076938101 	 True 	 14 	 14 	2 	4 	6 	15 	18 	10 	16 	19 	17 	24 	21 	1 	5 	23 	20 	3 	9 	7 	8 	11 	12 	14 	22 	13 	0
CL 	 dot-jump 	 False 	 131 	 circle 	 1024 	 768 	 1.16079767166 	 44.445 	 66.667 	 20 	 5.60622225078 	 1.50218272469 	 5.80398835832 	 0.0 	 5.41978073488 	 1.12912098643 	 False 	 3 	 8 	12 	16 	11 	20 	6 	24 	2 	22 	19 	17 	4 	21 	7 	14 	13 	5 	10 	18 	23 	8 	3 	15 	9 	1 	0
CL 	 dot-jump 	 False 	 132 	 circle 	 1024 	 768 	 1.16079767166 	 44.445 	 66.667 	 15 	 2.90199417916 	 -5.02640136157 	 4.10403952609 	 -4.10403952609 	 3.01098929715 	 -5.49505546731 	 False 	 1 	 10 	23 	15 	21 	6 	2 	19 	1 	12 	5 	3 	16 	11 	14 	18 	7 	8 	24 	9 	20 	13 	10 	22 	4 	17 	0
CL 	 dot-jump 	 False 	 133 	 circle 	 1024 	 768 	 1.16079767166 	 44.445 	 66.667 	 19 	 5.80398835832 	 0.0 	 5.80398835832 	 0.0 	 5.98434122809 	 0.0752747324288 	 True 	 12 	 12 	14 	11 	9 	6 	23 	13 	12 	21 	8 	3 	24 	16 	19 	2 	1 	4 	10 	20 	5 	22 	18 	7 	15 	17 	0
CL 	 dot-jump 	 False 	 134 	 circle 	 1024 	 768 	 1.16079767166 	 44.445 	 66.667 	 15 	 2.90199417916 	 -5.02640136157 	 2.90199417916 	 -5.02640136157 	 2.97335193094 	 -5.68324229838 	 True 	 13 	 13 	19 	13 	11 	9 	22 	8 	6 	4 	17 	12 	3 	1 	10 	15 	5 	14 	18 	20 	2 	23 	16 	24 	21 	7 	0
CL 	 dot-jump 	 False 	 135 	 circle 	 1024 	 768 	 1.16079767166 	 44.445 	 66.667 	 9 	 -5.02640136157 	 -2.90199417916 	 5.80398835832 	 0.0 	 -4.93049497409 	 -2.70989036744 	 False 	 3 	 16 	17 	14 	24 	9 	13 	4 	11 	12 	22 	2 	23 	1 	20 	7 	3 	8 	19 	10 	15 	5 	21 	6 	16 	18 	0
CL 	 dot-jump 	 False 	 136 	 circle 	 1024 	 768 	 1.16079767166 	 44.445 	 66.667 	 10 	 -4.10403952609 	 -4.10403952609 	 -2.90199417916 	 -5.02640136157 	 -4.1777476498 	 -4.55412131195 	 False 	 1 	 11 	2 	10 	7 	17 	4 	12 	15 	23 	13 	3 	8 	11 	9 	20 	1 	18 	21 	22 	5 	6 	14 	24 	16 	19 	0
CL 	 dot-jump 	 False 	 137 	 circle 	 1024 	 768 	 1.16079767166 	 44.445 	 66.667 	 13 	 0.0 	 -5.80398835832 	 5.80398835832 	 0.0 	 0.451648394573 	 -5.30686863623 	 False 	 13 	 12 	22 	4 	16 	11 	1 	24 	21 	14 	5 	6 	9 	8 	19 	13 	15 	12 	18 	23 	20 	10 	2 	7 	3 	17 	0
CL 	 dot-jump 	 False 	 138 	 circle 	 1024 	 768 	 1.16079767166 	 44.445 	 66.667 	 14 	 1.50218272469 	 -5.60622225078 	 0.0 	 -5.80398835832 	 1.46785728236 	 -5.72087966459 	 False 	 23 	 9 	6 	5 	4 	9 	18 	16 	22 	2 	15 	13 	23 	24 	1 	7 	8 	17 	11 	21 	12 	3 	19 	20 	10 	14 	0
CL 	 dot-jump 	 False 	 139 	 circle 	 1024 	 768 	 1.16079767166 	 44.445 	 66.667 	 8 	 -5.60622225078 	 -1.50218272469 	 -5.02640136157 	 2.90199417916 	 -5.98434122809 	 -1.69368147965 	 False 	 15 	 13 	17 	9 	14 	18 	11 	6 	13 	21 	10 	12 	3 	7 	15 	5 	16 	8 	22 	24 	1 	20 	19 	4 	2 	23 	0
CL 	 dot-jump 	 False 	 140 	 circle 	 1024 	 768 	 1.16079767166 	 44.445 	 66.667 	 22 	 4.10403952609 	 4.10403952609 	 -1.50218272469 	 -5.60622225078 	 4.51648394573 	 4.10247291737 	 False 	 15 	 14 	2 	4 	23 	18 	10 	6 	14 	11 	21 	13 	17 	24 	7 	3 	12 	22 	15 	8 	19 	16 	5 	9 	1 	20 	0
CL 	 dot-jump 	 False 	 141 	 circle 	 1024 	 768 	 1.16079767166 	 44.445 	 66.667 	 16 	 4.10403952609 	 -4.10403952609 	 5.02640136157 	 -2.90199417916 	 4.29065974844 	 -4.32829711466 	 False 	 10 	 8 	13 	14 	21 	8 	5 	4 	2 	18 	17 	23 	16 	9 	1 	10 	24 	22 	20 	3 	11 	15 	19 	12 	6 	7 	0
CL 	 dot-jump 	 False 	 142 	 circle 	 1024 	 768 	 1.16079767166 	 44.445 	 66.667 	 21 	 5.02640136157 	 2.90199417916 	 5.02640136157 	 2.90199417916 	 5.08104443895 	 2.8604398323 	 True 	 10 	 10 	13 	16 	24 	12 	3 	6 	17 	20 	11 	22 	21 	7 	14 	10 	15 	9 	2 	19 	5 	4 	18 	8 	1 	23 	0
CL 	 dot-jump 	 False 	 143 	 circle 	 1024 	 768 	 1.16079767166 	 44.445 	 66.667 	 15 	 2.90199417916 	 -5.02640136157 	 5.80398835832 	 0.0 	 2.44642880394 	 -5.08104443895 	 False 	 16 	 15 	3 	5 	17 	20 	2 	9 	21 	8 	7 	22 	11 	6 	24 	4 	16 	19 	15 	23 	13 	18 	10 	1 	14 	12 	0
CL 	 dot-jump 	 False 	 144 	 circle 	 1024 	 768 	 1.16079767166 	 44.445 	 66.667 	 20 	 5.60622225078 	 1.50218272469 	 -2.90199417916 	 5.02640136157 	 5.90906649566 	 1.35494518372 	 False 	 16 	 12 	8 	2 	10 	7 	23 	9 	18 	1 	16 	24 	22 	14 	3 	19 	15 	5 	20 	13 	17 	6 	4 	21 	11 	12 	0
CL 	 dot-jump 	 False 	 145 	 circle 	 1024 	 768 	 1.16079767166 	 44.445 	 66.667 	 9 	 -5.02640136157 	 -2.90199417916 	 4.10403952609 	 4.10403952609 	 -4.81758287545 	 -2.74752773365 	 False 	 12 	 11 	12 	24 	23 	2 	14 	16 	21 	6 	3 	15 	11 	22 	9 	19 	5 	20 	18 	1 	17 	10 	8 	13 	7 	4 	0
CL 	 dot-jump 	 False 	 146 	 circle 	 1024 	 768 	 1.16079767166 	 44.445 	 66.667 	 13 	 0.0 	 -5.80398835832 	 0.0 	 -5.80398835832 	 -0.150549464858 	 -6.05961596052 	 True 	 13 	 13 	22 	3 	1 	2 	21 	8 	7 	9 	20 	4 	12 	16 	15 	13 	23 	11 	5 	18 	17 	19 	6 	10 	14 	24 	0
CL 	 dot-jump 	 False 	 147 	 circle 	 1024 	 768 	 1.16079767166 	 44.445 	 66.667 	 5 	 -5.02640136157 	 2.90199417916 	 4.10403952609 	 4.10403952609 	 -5.34450600245 	 3.1239013958 	 False 	 18 	 16 	16 	14 	7 	18 	15 	4 	24 	10 	1 	2 	13 	17 	12 	11 	9 	20 	22 	6 	5 	21 	19 	3 	23 	8 	0
CL 	 dot-jump 	 False 	 148 	 circle 	 1024 	 768 	 1.16079767166 	 44.445 	 66.667 	 15 	 2.90199417916 	 -5.02640136157 	 -4.10403952609 	 4.10403952609 	 3.16153876201 	 -5.30686863623 	 False 	 8 	 9 	13 	2 	17 	22 	6 	18 	9 	24 	15 	4 	14 	10 	12 	19 	16 	7 	23 	1 	11 	8 	5 	20 	3 	21 	0
CL 	 dot-jump 	 False 	 149 	 circle 	 1024 	 768 	 1.16079767166 	 44.445 	 66.667 	 22 	 4.10403952609 	 4.10403952609 	 2.90199417916 	 5.02640136157 	 3.72609925523 	 4.06483555116 	 False 	 2 	 10 	24 	16 	22 	12 	9 	21 	3 	1 	10 	7 	23 	19 	15 	5 	8 	4 	6 	11 	20 	18 	14 	17 	13 	2 	0
CL 	 dot-jump 	 False 	 150 	 circle 	 1024 	 768 	 1.16079767166 	 44.445 	 66.667 	 16 	 4.10403952609 	 -4.10403952609 	 -4.10403952609 	 4.10403952609 	 4.06483555116 	 -4.47884657952 	 False 	 16 	 14 	12 	14 	3 	7 	22 	9 	11 	17 	2 	15 	8 	5 	24 	19 	4 	1 	16 	20 	23 	10 	18 	13 	6 	21 	0
CL 	 dot-jump 	 False 	 151 	 circle 	 1024 	 768 	 1.16079767166 	 44.445 	 66.667 	 10 	 -4.10403952609 	 -4.10403952609 	 4.10403952609 	 -4.10403952609 	 -4.32829711466 	 -4.25302238223 	 False 	 10 	 8 	18 	15 	13 	8 	4 	2 	20 	6 	16 	5 	10 	17 	19 	22 	24 	14 	12 	1 	3 	23 	7 	21 	11 	9 	0
CL 	 dot-jump 	 False 	 152 	 circle 	 1024 	 768 	 1.16079767166 	 44.445 	 66.667 	 10 	 -4.10403952609 	 -4.10403952609 	 -5.02640136157 	 2.90199417916 	 -3.72609925523 	 -4.10247291737 	 False 	 14 	 15 	7 	1 	11 	21 	15 	8 	3 	13 	24 	4 	14 	17 	6 	18 	10 	5 	9 	23 	2 	12 	22 	19 	20 	16 	0
CL 	 dot-jump 	 False 	 153 	 circle 	 1024 	 768 	 1.16079767166 	 44.445 	 66.667 	 22 	 4.10403952609 	 4.10403952609 	 0.0 	 5.80398835832 	 3.83901135387 	 3.72609925523 	 False 	 5 	 13 	2 	14 	12 	15 	8 	22 	6 	19 	4 	24 	11 	17 	20 	1 	18 	23 	21 	16 	7 	9 	10 	5 	3 	13 	0
CL 	 dot-jump 	 False 	 154 	 circle 	 1024 	 768 	 1.16079767166 	 44.445 	 66.667 	 9 	 -5.02640136157 	 -2.90199417916 	 -5.80398835832 	 0.0 	 -5.19395653759 	 -2.8604398323 	 False 	 7 	 11 	13 	1 	17 	20 	11 	3 	23 	9 	22 	10 	2 	7 	14 	24 	8 	12 	18 	19 	6 	16 	21 	5 	15 	4 	0
CL 	 dot-jump 	 False 	 155 	 circle 	 1024 	 768 	 1.16079767166 	 44.445 	 66.667 	 22 	 4.10403952609 	 4.10403952609 	 -1.50218272469 	 5.60622225078 	 3.95192345251 	 3.76373662144 	 False 	 0 	 10 	22 	3 	16 	8 	11 	14 	21 	1 	6 	4 	2 	23 	12 	5 	9 	20 	18 	10 	7 	15 	24 	13 	17 	19 	0
CL 	 dot-jump 	 False 	 156 	 circle 	 1024 	 768 	 1.16079767166 	 44.445 	 66.667 	 7 	 -5.80398835832 	 0.0 	 -5.80398835832 	 0.0 	 -5.49505546731 	 -0.376373662144 	 True 	 12 	 12 	15 	18 	16 	22 	1 	21 	11 	19 	4 	5 	6 	14 	7 	23 	12 	17 	20 	10 	24 	8 	13 	3 	2 	9 	0
CL 	 dot-jump 	 False 	 157 	 circle 	 1024 	 768 	 1.16079767166 	 44.445 	 66.667 	 22 	 4.10403952609 	 4.10403952609 	 4.10403952609 	 -4.10403952609 	 4.40357184709 	 4.02719818494 	 False 	 13 	 16 	18 	12 	17 	2 	9 	19 	14 	6 	3 	11 	24 	4 	21 	22 	13 	7 	16 	23 	20 	15 	8 	5 	1 	10 	0
CL 	 dot-jump 	 False 	 158 	 circle 	 1024 	 768 	 1.16079767166 	 44.445 	 66.667 	 6 	 -5.60622225078 	 1.50218272469 	 -5.02640136157 	 -2.90199417916 	 -5.38214336866 	 1.27967045129 	 False 	 3 	 9 	22 	15 	3 	6 	18 	11 	4 	16 	24 	9 	5 	20 	19 	8 	10 	13 	17 	14 	21 	1 	23 	7 	2 	12 	0
CL 	 dot-jump 	 False 	 159 	 circle 	 1024 	 768 	 1.16079767166 	 44.445 	 66.667 	 21 	 5.02640136157 	 2.90199417916 	 5.02640136157 	 2.90199417916 	 4.81758287545 	 2.70989036744 	 True 	 8 	 8 	14 	19 	18 	8 	6 	5 	20 	24 	21 	16 	17 	2 	13 	15 	7 	9 	4 	23 	1 	10 	12 	11 	3 	22 	0
CL 	 dot-jump 	 False 	 160 	 circle 	 1024 	 768 	 1.16079767166 	 44.445 	 66.667 	 15 	 2.90199417916 	 -5.02640136157 	 2.90199417916 	 -5.02640136157 	 3.23681349444 	 -5.04340707273 	 True 	 15 	 15 	10 	9 	18 	23 	6 	14 	17 	11 	16 	5 	21 	2 	7 	24 	20 	15 	4 	12 	8 	1 	3 	13 	19 	22 	0
CL 	 dot-jump 	 False 	 161 	 circle 	 1024 	 768 	 1.16079767166 	 44.445 	 66.667 	 15 	 2.90199417916 	 -5.02640136157 	 2.90199417916 	 -5.02640136157 	 2.78516509987 	 -4.77994550923 	 True 	 14 	 14 	24 	12 	1 	14 	22 	3 	10 	13 	11 	4 	19 	9 	5 	18 	15 	8 	23 	2 	16 	6 	17 	21 	7 	20 	0
CL 	 dot-jump 	 False 	 162 	 circle 	 1024 	 768 	 1.16079767166 	 44.445 	 66.667 	 23 	 2.90199417916 	 5.02640136157 	 -2.90199417916 	 -5.02640136157 	 3.50027505794 	 5.2315939038 	 False 	 20 	 10 	3 	6 	2 	14 	17 	20 	21 	24 	13 	16 	11 	18 	19 	8 	4 	10 	12 	1 	22 	7 	23 	15 	9 	5 	0
CL 	 dot-jump 	 False 	 163 	 circle 	 1024 	 768 	 1.16079767166 	 44.445 	 66.667 	 19 	 5.80398835832 	 0.0 	 -5.60622225078 	 -1.50218272469 	 5.72087966459 	 0.225824197287 	 False 	 13 	 12 	6 	21 	16 	18 	10 	13 	22 	2 	11 	20 	5 	24 	8 	19 	12 	1 	17 	4 	14 	9 	7 	15 	3 	23 	0
CL 	 dot-jump 	 False 	 164 	 circle 	 1024 	 768 	 1.16079767166 	 44.445 	 66.667 	 18 	 5.60622225078 	 -1.50218272469 	 5.60622225078 	 -1.50218272469 	 5.15631917138 	 -1.20439571886 	 True 	 8 	 8 	12 	15 	24 	6 	1 	11 	8 	20 	18 	3 	13 	22 	14 	16 	2 	9 	23 	10 	4 	7 	17 	19 	5 	21 	0
CL 	 dot-jump 	 False 	 165 	 circle 	 1024 	 768 	 1.16079767166 	 44.445 	 66.667 	 19 	 5.80398835832 	 0.0 	 0.0 	 -5.80398835832 	 5.72087966459 	 -0.0752747324288 	 False 	 19 	 15 	17 	10 	22 	20 	11 	9 	23 	6 	18 	14 	5 	24 	8 	12 	3 	13 	21 	4 	2 	19 	1 	16 	7 	15 	0
CL 	 dot-jump 	 False 	 166 	 circle 	 1024 	 768 	 1.16079767166 	 44.445 	 66.667 	 23 	 2.90199417916 	 5.02640136157 	 -1.50218272469 	 5.60622225078 	 2.8604398323 	 4.51648394573 	 False 	 3 	 13 	21 	5 	17 	23 	6 	4 	9 	20 	13 	12 	18 	14 	7 	2 	24 	16 	19 	11 	10 	3 	15 	8 	22 	1 	0
CL 	 dot-jump 	 False 	 167 	 circle 	 1024 	 768 	 1.16079767166 	 44.445 	 66.667 	 8 	 -5.60622225078 	 -1.50218272469 	 5.60622225078 	 1.50218272469 	 -6.02197859431 	 -1.84423094451 	 False 	 18 	 16 	10 	1 	17 	22 	24 	18 	12 	3 	16 	19 	15 	9 	4 	14 	13 	7 	20 	21 	8 	5 	6 	23 	11 	2 	0
CL 	 dot-jump 	 False 	 168 	 circle 	 1024 	 768 	 1.16079767166 	 44.445 	 66.667 	 15 	 2.90199417916 	 -5.02640136157 	 -5.60622225078 	 -1.50218272469 	 3.19917612823 	 -5.30686863623 	 False 	 11 	 9 	5 	21 	7 	4 	19 	24 	20 	12 	14 	8 	18 	15 	9 	23 	3 	22 	6 	11 	2 	17 	1 	13 	10 	16 	0
CL 	 dot-jump 	 False 	 169 	 circle 	 1024 	 768 	 1.16079767166 	 44.445 	 66.667 	 19 	 5.80398835832 	 0.0 	 -4.10403952609 	 -4.10403952609 	 5.45741810109 	 0.33873629593 	 False 	 12 	 11 	11 	1 	18 	5 	3 	14 	7 	23 	22 	9 	13 	10 	19 	6 	4 	8 	15 	2 	17 	16 	12 	21 	24 	20 	0
CL 	 dot-jump 	 False 	 170 	 circle 	 1024 	 768 	 1.16079767166 	 44.445 	 66.667 	 11 	 -2.90199417916 	 -5.02640136157 	 4.10403952609 	 -4.10403952609 	 -2.55934090258 	 -4.93049497409 	 False 	 15 	 14 	9 	6 	15 	13 	22 	20 	24 	14 	2 	8 	5 	12 	4 	3 	16 	11 	17 	19 	21 	7 	10 	18 	23 	1 	0
CL 	 dot-jump 	 False 	 171 	 circle 	 1024 	 768 	 1.16079767166 	 44.445 	 66.667 	 8 	 -5.60622225078 	 -1.50218272469 	 2.90199417916 	 5.02640136157 	 -5.79615439702 	 -1.65604411343 	 False 	 16 	 14 	1 	13 	19 	21 	16 	24 	17 	14 	2 	22 	10 	20 	7 	9 	23 	18 	8 	6 	3 	4 	11 	5 	15 	12 	0
CL 	 dot-jump 	 False 	 172 	 circle 	 1024 	 768 	 1.16079767166 	 44.445 	 66.667 	 14 	 1.50218272469 	 -5.60622225078 	 1.50218272469 	 -5.60622225078 	 1.69368147965 	 -5.45741810109 	 True 	 13 	 13 	16 	20 	6 	5 	2 	1 	22 	8 	23 	9 	10 	11 	19 	14 	24 	13 	4 	12 	3 	18 	15 	17 	7 	21 	0
CL 	 dot-jump 	 False 	 173 	 circle 	 1024 	 768 	 1.16079767166 	 44.445 	 66.667 	 3 	 -2.90199417916 	 5.02640136157 	 -5.60622225078 	 -1.50218272469 	 -3.04862666337 	 5.41978073488 	 False 	 21 	 8 	6 	7 	24 	20 	4 	14 	9 	10 	8 	18 	2 	16 	13 	11 	5 	22 	17 	23 	12 	1 	19 	3 	21 	15 	0
CL 	 dot-jump 	 False 	 174 	 circle 	 1024 	 768 	 1.16079767166 	 44.445 	 66.667 	 14 	 1.50218272469 	 -5.60622225078 	 -1.50218272469 	 5.60622225078 	 1.80659357829 	 -5.15631917138 	 False 	 11 	 10 	13 	17 	18 	20 	6 	24 	4 	12 	1 	10 	2 	14 	21 	5 	8 	16 	11 	9 	3 	23 	19 	15 	22 	7 	0
CL 	 dot-jump 	 False 	 175 	 circle 	 1024 	 768 	 1.16079767166 	 44.445 	 66.667 	 20 	 5.60622225078 	 1.50218272469 	 4.10403952609 	 4.10403952609 	 5.57033019973 	 0.865659422932 	 False 	 1 	 12 	16 	20 	9 	7 	13 	14 	18 	6 	15 	5 	23 	17 	22 	1 	21 	10 	2 	4 	3 	8 	11 	24 	12 	19 	0
CL 	 dot-jump 	 False 	 176 	 circle 	 1024 	 768 	 1.16079767166 	 44.445 	 66.667 	 14 	 1.50218272469 	 -5.60622225078 	 4.10403952609 	 -4.10403952609 	 1.65604411343 	 -5.53269283352 	 False 	 12 	 9 	8 	5 	6 	19 	22 	7 	11 	15 	23 	16 	3 	20 	14 	21 	4 	1 	2 	18 	24 	13 	10 	17 	9 	12 	0
CL 	 dot-jump 	 False 	 177 	 circle 	 1024 	 768 	 1.16079767166 	 44.445 	 66.667 	 16 	 4.10403952609 	 -4.10403952609 	 5.60622225078 	 1.50218272469 	 4.21538501602 	 -3.76373662144 	 False 	 14 	 15 	8 	24 	10 	9 	18 	7 	3 	1 	6 	22 	23 	17 	15 	5 	16 	20 	21 	11 	12 	14 	4 	13 	2 	19 	0
CL 	 dot-jump 	 False 	 178 	 circle 	 1024 	 768 	 1.16079767166 	 44.445 	 66.667 	 24 	 1.50218272469 	 5.60622225078 	 0.0 	 5.80398835832 	 1.61840674722 	 5.87142912945 	 False 	 11 	 16 	4 	19 	7 	17 	10 	22 	14 	9 	2 	11 	18 	24 	5 	21 	20 	3 	1 	12 	6 	16 	13 	23 	15 	8 	0
CL 	 dot-jump 	 False 	 179 	 circle 	 1024 	 768 	 1.16079767166 	 44.445 	 66.667 	 15 	 2.90199417916 	 -5.02640136157 	 2.90199417916 	 -5.02640136157 	 3.01098929715 	 -5.34450600245 	 True 	 11 	 11 	22 	3 	16 	17 	7 	14 	12 	19 	2 	20 	11 	15 	6 	1 	21 	9 	8 	23 	10 	13 	5 	4 	18 	24 	0
CL 	 dot-jump 	 False 	 180 	 circle 	 1024 	 768 	 1.16079767166 	 44.445 	 66.667 	 2 	 -1.50218272469 	 5.60622225078 	 -1.50218272469 	 5.60622225078 	 -1.54313201479 	 5.83379176324 	 True 	 16 	 16 	16 	20 	19 	17 	8 	7 	24 	21 	22 	5 	1 	13 	10 	14 	12 	23 	2 	3 	4 	15 	18 	11 	9 	6 	0
CL 	 dot-jump 	 False 	 181 	 circle 	 1024 	 768 	 1.16079767166 	 44.445 	 66.667 	 23 	 2.90199417916 	 5.02640136157 	 1.50218272469 	 5.60622225078 	 2.93571456472 	 4.62939604437 	 False 	 18 	 14 	21 	4 	11 	20 	16 	3 	13 	6 	22 	14 	10 	19 	8 	17 	24 	7 	5 	12 	23 	9 	15 	2 	18 	1 	0
CL 	 dot-jump 	 False 	 182 	 circle 	 1024 	 768 	 1.16079767166 	 44.445 	 66.667 	 21 	 5.02640136157 	 2.90199417916 	 2.90199417916 	 5.02640136157 	 4.29065974844 	 2.78516509987 	 False 	 9 	 8 	11 	2 	9 	24 	7 	10 	20 	15 	23 	21 	17 	14 	22 	1 	18 	19 	8 	4 	6 	12 	5 	16 	13 	3 	0
CL 	 dot-jump 	 False 	 183 	 circle 	 1024 	 768 	 1.16079767166 	 44.445 	 66.667 	 15 	 2.90199417916 	 -5.02640136157 	 2.90199417916 	 -5.02640136157 	 2.82280246608 	 -4.62939604437 	 True 	 9 	 9 	9 	10 	7 	19 	4 	21 	16 	12 	11 	15 	17 	8 	22 	5 	3 	23 	20 	18 	1 	13 	14 	24 	6 	2 	0
CL 	 dot-jump 	 False 	 184 	 circle 	 1024 	 768 	 1.16079767166 	 44.445 	 66.667 	 22 	 4.10403952609 	 4.10403952609 	 1.50218272469 	 5.60622225078 	 3.68846188901 	 3.83901135387 	 False 	 21 	 11 	9 	10 	15 	6 	2 	14 	1 	13 	3 	11 	21 	24 	20 	16 	5 	12 	7 	17 	8 	4 	18 	22 	23 	19 	0
CL 	 dot-jump 	 False 	 185 	 circle 	 1024 	 768 	 1.16079767166 	 44.445 	 66.667 	 6 	 -5.60622225078 	 1.50218272469 	 -4.10403952609 	 4.10403952609 	 -5.75851703081 	 1.3173078175 	 False 	 13 	 10 	13 	24 	14 	11 	3 	2 	1 	22 	15 	16 	4 	5 	7 	6 	23 	18 	9 	12 	17 	8 	20 	21 	10 	19 	0
CL 	 dot-jump 	 False 	 186 	 circle 	 1024 	 768 	 1.16079767166 	 44.445 	 66.667 	 11 	 -2.90199417916 	 -5.02640136157 	 -1.50218272469 	 -5.60622225078 	 -2.48406617015 	 -5.30686863623 	 False 	 14 	 12 	6 	5 	1 	20 	17 	10 	21 	3 	15 	2 	4 	18 	12 	8 	11 	7 	23 	9 	16 	14 	22 	13 	19 	24 	0
CL 	 dot-jump 	 False 	 187 	 circle 	 1024 	 768 	 1.16079767166 	 44.445 	 66.667 	 15 	 2.90199417916 	 -5.02640136157 	 -4.10403952609 	 4.10403952609 	 2.97335193094 	 -5.2315939038 	 False 	 14 	 13 	3 	11 	2 	14 	6 	17 	16 	23 	9 	13 	18 	24 	22 	4 	15 	21 	10 	19 	8 	1 	7 	20 	5 	12 	0
CL 	 dot-jump 	 False 	 188 	 circle 	 1024 	 768 	 1.16079767166 	 44.445 	 66.667 	 3 	 -2.90199417916 	 5.02640136157 	 0.0 	 5.80398835832 	 -2.52170353637 	 4.74230814302 	 False 	 5 	 15 	13 	2 	18 	16 	24 	3 	6 	7 	19 	8 	21 	5 	11 	22 	17 	1 	4 	12 	9 	15 	10 	14 	20 	23 	0
CL 	 dot-jump 	 False 	 189 	 circle 	 1024 	 768 	 1.16079767166 	 44.445 	 66.667 	 15 	 2.90199417916 	 -5.02640136157 	 -5.80398835832 	 0.0 	 3.04862666337 	 -4.66703341059 	 False 	 22 	 11 	8 	2 	22 	5 	17 	3 	20 	24 	13 	16 	14 	7 	6 	9 	4 	19 	21 	23 	11 	18 	1 	10 	15 	12 	0
CL 	 dot-jump 	 False 	 190 	 circle 	 1024 	 768 	 1.16079767166 	 44.445 	 66.667 	 17 	 5.02640136157 	 -2.90199417916 	 5.02640136157 	 -2.90199417916 	 5.11868180516 	 -2.5969782688 	 True 	 15 	 15 	14 	19 	6 	9 	7 	18 	12 	20 	13 	8 	1 	11 	5 	21 	24 	17 	16 	22 	3 	23 	4 	15 	10 	2 	0
CL 	 dot-jump 	 False 	 191 	 circle 	 1024 	 768 	 1.16079767166 	 44.445 	 66.667 	 10 	 -4.10403952609 	 -4.10403952609 	 -4.10403952609 	 -4.10403952609 	 -3.61318715658 	 -4.14011028359 	 True 	 16 	 16 	24 	23 	12 	11 	16 	2 	8 	19 	17 	18 	14 	7 	1 	6 	15 	9 	10 	22 	5 	20 	3 	21 	13 	4 	0
CL 	 dot-jump 	 False 	 192 	 circle 	 1024 	 768 	 1.16079767166 	 44.445 	 66.667 	 6 	 -5.60622225078 	 1.50218272469 	 -5.80398835832 	 0.0 	 -5.15631917138 	 0.978571521575 	 False 	 13 	 8 	21 	2 	22 	3 	10 	1 	18 	8 	7 	11 	15 	13 	19 	6 	17 	24 	20 	16 	9 	14 	12 	5 	4 	23 	0
CL 	 dot-jump 	 False 	 193 	 circle 	 1024 	 768 	 1.16079767166 	 44.445 	 66.667 	 10 	 -4.10403952609 	 -4.10403952609 	 5.60622225078 	 -1.50218272469 	 -3.98956081873 	 -4.1777476498 	 False 	 12 	 10 	14 	21 	7 	16 	6 	3 	20 	5 	17 	2 	18 	12 	10 	4 	11 	13 	15 	23 	24 	19 	8 	1 	9 	22 	0
CL 	 dot-jump 	 False 	 194 	 circle 	 1024 	 768 	 1.16079767166 	 44.445 	 66.667 	 7 	 -5.80398835832 	 0.0 	 -5.60622225078 	 1.50218272469 	 -5.87142912945 	 -0.414011028359 	 False 	 16 	 14 	9 	19 	22 	10 	17 	11 	16 	20 	8 	3 	12 	21 	14 	23 	6 	18 	7 	1 	15 	2 	13 	5 	4 	24 	0
CL 	 dot-jump 	 False 	 195 	 circle 	 1024 	 768 	 1.16079767166 	 44.445 	 66.667 	 4 	 -4.10403952609 	 4.10403952609 	 -4.10403952609 	 4.10403952609 	 -4.10247291737 	 3.98956081873 	 True 	 13 	 13 	9 	20 	17 	23 	3 	14 	5 	6 	8 	12 	21 	1 	15 	4 	11 	16 	19 	2 	18 	10 	24 	7 	22 	13 	0
CL 	 dot-jump 	 False 	 196 	 circle 	 1024 	 768 	 1.16079767166 	 44.445 	 66.667 	 19 	 5.80398835832 	 0.0 	 -1.50218272469 	 5.60622225078 	 5.87142912945 	 -0.376373662144 	 False 	 13 	 9 	7 	24 	23 	9 	5 	22 	13 	14 	11 	2 	17 	4 	8 	19 	3 	1 	21 	12 	15 	10 	16 	18 	6 	20 	0
CL 	 dot-jump 	 False 	 197 	 circle 	 1024 	 768 	 1.16079767166 	 44.445 	 66.667 	 16 	 4.10403952609 	 -4.10403952609 	 5.60622225078 	 -1.50218272469 	 4.14011028359 	 -3.83901135387 	 False 	 13 	 12 	17 	9 	14 	10 	21 	6 	4 	3 	13 	12 	5 	20 	18 	16 	22 	8 	15 	24 	2 	11 	19 	23 	1 	7 	0
CL 	 dot-jump 	 False 	 198 	 circle 	 1024 	 768 	 1.16079767166 	 44.445 	 66.667 	 2 	 -1.50218272469 	 5.60622225078 	 5.60622225078 	 1.50218272469 	 -1.61840674722 	 4.62939604437 	 False 	 7 	 14 	7 	22 	23 	19 	21 	3 	6 	2 	9 	11 	15 	8 	4 	1 	20 	14 	10 	17 	12 	16 	18 	24 	5 	13 	0
CL 	 dot-jump 	 False 	 199 	 circle 	 1024 	 768 	 1.16079767166 	 44.445 	 66.667 	 5 	 -5.02640136157 	 2.90199417916 	 -5.60622225078 	 1.50218272469 	 -4.4412092133 	 2.67225300122 	 False 	 13 	 10 	18 	20 	4 	11 	13 	14 	19 	9 	1 	2 	6 	7 	16 	5 	24 	10 	17 	21 	3 	12 	8 	22 	23 	15 	0
CL 	 dot-jump 	 False 	 200 	 circle 	 1024 	 768 	 1.16079767166 	 44.445 	 66.667 	 3 	 -2.90199417916 	 5.02640136157 	 -4.10403952609 	 4.10403952609 	 -2.55934090258 	 5.19395653759 	 False 	 20 	 11 	9 	1 	19 	13 	10 	22 	20 	7 	6 	5 	21 	4 	12 	17 	14 	8 	2 	15 	23 	24 	3 	16 	18 	11 	0
CL 	 dot-jump 	 False 	 201 	 circle 	 1024 	 768 	 1.16079767166 	 44.445 	 66.667 	 24 	 1.50218272469 	 5.60622225078 	 0.0 	 5.80398835832 	 1.65604411343 	 5.57033019973 	 False 	 10 	 13 	6 	9 	21 	16 	8 	7 	22 	17 	23 	5 	24 	12 	18 	1 	11 	13 	4 	14 	2 	3 	10 	19 	20 	15 	0
CL 	 dot-jump 	 False 	 202 	 circle 	 1024 	 768 	 1.16079767166 	 44.445 	 66.667 	 5 	 -5.02640136157 	 2.90199417916 	 -5.02640136157 	 2.90199417916 	 -5.2315939038 	 2.74752773365 	 True 	 8 	 8 	23 	10 	4 	17 	24 	13 	18 	20 	5 	1 	6 	21 	3 	11 	19 	12 	7 	2 	8 	22 	16 	14 	9 	15 	0
CL 	 dot-jump 	 False 	 203 	 circle 	 1024 	 768 	 1.16079767166 	 44.445 	 66.667 	 4 	 -4.10403952609 	 4.10403952609 	 -5.02640136157 	 2.90199417916 	 -4.51648394573 	 3.9142860863 	 False 	 15 	 12 	21 	12 	15 	11 	18 	23 	24 	14 	17 	22 	2 	16 	5 	7 	1 	4 	13 	20 	3 	8 	9 	10 	6 	19 	0
CL 	 dot-jump 	 False 	 204 	 circle 	 1024 	 768 	 1.16079767166 	 44.445 	 66.667 	 2 	 -1.50218272469 	 5.60622225078 	 2.90199417916 	 5.02640136157 	 -1.16675835265 	 5.72087966459 	 False 	 17 	 16 	20 	13 	10 	14 	12 	3 	19 	11 	24 	15 	8 	5 	1 	6 	18 	7 	23 	2 	16 	21 	22 	17 	9 	4 	0
CL 	 dot-jump 	 False 	 205 	 circle 	 1024 	 768 	 1.16079767166 	 44.445 	 66.667 	 11 	 -2.90199417916 	 -5.02640136157 	 -1.50218272469 	 -5.60622225078 	 -3.27445086065 	 -5.34450600245 	 False 	 19 	 9 	6 	16 	3 	17 	24 	4 	5 	2 	8 	12 	15 	1 	10 	21 	23 	19 	14 	18 	20 	11 	13 	7 	9 	22 	0
CL 	 dot-jump 	 False 	 206 	 circle 	 1024 	 768 	 1.16079767166 	 44.445 	 66.667 	 14 	 1.50218272469 	 -5.60622225078 	 5.02640136157 	 2.90199417916 	 1.61840674722 	 -5.68324229838 	 False 	 13 	 15 	24 	6 	22 	2 	16 	23 	8 	5 	1 	18 	19 	7 	9 	14 	10 	21 	13 	17 	3 	20 	4 	11 	12 	15 	0
CL 	 dot-jump 	 False 	 207 	 circle 	 1024 	 768 	 1.16079767166 	 44.445 	 66.667 	 9 	 -5.02640136157 	 -2.90199417916 	 -5.02640136157 	 2.90199417916 	 -4.62939604437 	 -3.01098929715 	 False 	 9 	 8 	8 	3 	24 	22 	17 	10 	16 	21 	5 	9 	20 	23 	19 	2 	4 	15 	6 	14 	7 	13 	12 	1 	18 	11 	0
CL 	 dot-jump 	 False 	 208 	 circle 	 1024 	 768 	 1.16079767166 	 44.445 	 66.667 	 12 	 -1.50218272469 	 -5.60622225078 	 5.60622225078 	 -1.50218272469 	 -1.46785728236 	 -6.13489069295 	 False 	 13 	 11 	2 	6 	7 	21 	5 	15 	1 	3 	8 	14 	23 	18 	11 	12 	20 	4 	16 	9 	24 	17 	22 	10 	13 	19 	0
CL 	 dot-jump 	 False 	 209 	 circle 	 1024 	 768 	 1.16079767166 	 44.445 	 66.667 	 14 	 1.50218272469 	 -5.60622225078 	 1.50218272469 	 -5.60622225078 	 1.58076938101 	 -5.79615439702 	 True 	 14 	 14 	24 	23 	18 	16 	17 	20 	2 	15 	19 	6 	4 	12 	13 	1 	14 	22 	5 	21 	7 	3 	8 	9 	11 	10 	0
CL 	 dot-jump 	 False 	 210 	 circle 	 1024 	 768 	 1.16079767166 	 44.445 	 66.667 	 5 	 -5.02640136157 	 2.90199417916 	 -5.02640136157 	 2.90199417916 	 -4.55412131195 	 2.37115407151 	 True 	 16 	 16 	13 	14 	20 	4 	3 	24 	12 	9 	22 	21 	7 	1 	18 	19 	6 	2 	5 	23 	16 	15 	8 	11 	10 	17 	0
CL 	 dot-jump 	 False 	 211 	 circle 	 1024 	 768 	 1.16079767166 	 44.445 	 66.667 	 2 	 -1.50218272469 	 5.60622225078 	 -5.80398835832 	 0.0 	 -1.50549464858 	 5.34450600245 	 False 	 13 	 10 	11 	22 	6 	10 	23 	16 	19 	17 	24 	21 	7 	1 	4 	2 	5 	20 	14 	13 	9 	15 	3 	18 	8 	12 	0
CL 	 dot-jump 	 False 	 212 	 circle 	 1024 	 768 	 1.16079767166 	 44.445 	 66.667 	 11 	 -2.90199417916 	 -5.02640136157 	 -4.10403952609 	 -4.10403952609 	 -2.37115407151 	 -4.62939604437 	 False 	 12 	 13 	17 	12 	16 	9 	23 	20 	6 	2 	8 	7 	4 	5 	11 	10 	15 	3 	1 	21 	19 	24 	13 	22 	14 	18 	0
CL 	 dot-jump 	 False 	 213 	 circle 	 1024 	 768 	 1.16079767166 	 44.445 	 66.667 	 14 	 1.50218272469 	 -5.60622225078 	 1.50218272469 	 -5.60622225078 	 1.95714304315 	 -5.15631917138 	 True 	 12 	 12 	15 	10 	4 	2 	17 	20 	9 	7 	19 	16 	8 	5 	14 	3 	6 	24 	21 	13 	11 	1 	22 	18 	23 	12 	0
CL 	 dot-jump 	 False 	 214 	 circle 	 1024 	 768 	 1.16079767166 	 44.445 	 66.667 	 18 	 5.60622225078 	 -1.50218272469 	 4.10403952609 	 4.10403952609 	 5.34450600245 	 -1.50549464858 	 False 	 16 	 15 	15 	21 	16 	8 	9 	10 	23 	19 	6 	20 	12 	5 	2 	14 	24 	22 	18 	17 	11 	13 	1 	4 	3 	7 	0
CL 	 dot-jump 	 False 	 215 	 circle 	 1024 	 768 	 1.16079767166 	 44.445 	 66.667 	 21 	 5.02640136157 	 2.90199417916 	 5.60622225078 	 1.50218272469 	 4.74230814302 	 3.1239013958 	 False 	 10 	 9 	17 	19 	8 	10 	11 	12 	5 	4 	13 	20 	21 	16 	9 	6 	23 	7 	1 	15 	2 	3 	14 	24 	18 	22 	0
CL 	 dot-jump 	 False 	 216 	 circle 	 1024 	 768 	 1.16079767166 	 44.445 	 66.667 	 5 	 -5.02640136157 	 2.90199417916 	 1.50218272469 	 -5.60622225078 	 -4.81758287545 	 2.74752773365 	 False 	 21 	 8 	9 	3 	10 	16 	15 	22 	19 	1 	14 	12 	18 	2 	23 	6 	13 	11 	24 	4 	17 	21 	20 	5 	8 	7 	0
CL 	 dot-jump 	 False 	 217 	 circle 	 1024 	 768 	 1.16079767166 	 44.445 	 66.667 	 13 	 0.0 	 -5.80398835832 	 -4.10403952609 	 4.10403952609 	 0.188186831072 	 -5.41978073488 	 False 	 12 	 11 	8 	2 	6 	11 	20 	3 	18 	15 	17 	14 	23 	4 	13 	24 	5 	21 	22 	1 	19 	10 	12 	9 	16 	7 	0
CL 	 dot-jump 	 False 	 218 	 circle 	 1024 	 768 	 1.16079767166 	 44.445 	 66.667 	 3 	 -2.90199417916 	 5.02640136157 	 -2.90199417916 	 5.02640136157 	 -3.19917612823 	 5.11868180516 	 True 	 14 	 14 	12 	14 	22 	18 	13 	9 	17 	16 	23 	15 	10 	6 	1 	2 	3 	21 	19 	11 	4 	8 	24 	20 	5 	7 	0
CL 	 dot-jump 	 False 	 219 	 circle 	 1024 	 768 	 1.16079767166 	 44.445 	 66.667 	 10 	 -4.10403952609 	 -4.10403952609 	 -1.50218272469 	 5.60622225078 	 -3.76373662144 	 -4.21538501602 	 False 	 9 	 15 	3 	19 	1 	24 	14 	5 	18 	12 	6 	10 	4 	21 	7 	20 	9 	2 	11 	17 	15 	8 	13 	16 	23 	22 	0
CL 	 dot-jump 	 False 	 220 	 circle 	 1024 	 768 	 1.16079767166 	 44.445 	 66.667 	 10 	 -4.10403952609 	 -4.10403952609 	 4.10403952609 	 -4.10403952609 	 -3.9142860863 	 -4.06483555116 	 False 	 1 	 13 	12 	10 	1 	20 	4 	2 	13 	17 	7 	3 	23 	6 	9 	16 	19 	11 	5 	8 	24 	18 	15 	14 	21 	22 	0
CL 	 dot-jump 	 False 	 221 	 circle 	 1024 	 768 	 1.16079767166 	 44.445 	 66.667 	 15 	 2.90199417916 	 -5.02640136157 	 1.50218272469 	 -5.60622225078 	 2.63461563501 	 -5.15631917138 	 False 	 4 	 16 	18 	19 	23 	20 	15 	5 	2 	17 	9 	3 	8 	4 	6 	22 	16 	12 	14 	1 	10 	13 	21 	7 	11 	24 	0
CL 	 dot-jump 	 False 	 222 	 circle 	 1024 	 768 	 1.16079767166 	 44.445 	 66.667 	 14 	 1.50218272469 	 -5.60622225078 	 2.90199417916 	 -5.02640136157 	 1.61840674722 	 -5.30686863623 	 False 	 15 	 12 	1 	9 	17 	23 	21 	7 	16 	22 	5 	2 	19 	6 	15 	12 	11 	14 	18 	8 	3 	10 	13 	20 	24 	4 	0
CL 	 dot-jump 	 False 	 223 	 circle 	 1024 	 768 	 1.16079767166 	 44.445 	 66.667 	 18 	 5.60622225078 	 -1.50218272469 	 4.10403952609 	 4.10403952609 	 5.87142912945 	 -1.73131884586 	 False 	 13 	 10 	10 	5 	14 	11 	21 	23 	19 	20 	24 	1 	22 	16 	2 	18 	3 	15 	7 	13 	12 	6 	4 	8 	17 	9 	0
CL 	 dot-jump 	 False 	 224 	 circle 	 1024 	 768 	 1.16079767166 	 44.445 	 66.667 	 12 	 -1.50218272469 	 -5.60622225078 	 -5.60622225078 	 1.50218272469 	 -1.20439571886 	 -5.08104443895 	 False 	 19 	 9 	20 	3 	22 	5 	4 	8 	17 	16 	13 	6 	24 	10 	18 	1 	15 	2 	11 	19 	23 	12 	7 	21 	14 	9 	0
CL 	 dot-jump 	 False 	 225 	 circle 	 1024 	 768 	 1.16079767166 	 44.445 	 66.667 	 15 	 2.90199417916 	 -5.02640136157 	 5.80398835832 	 0.0 	 3.3873629593 	 -5.19395653759 	 False 	 14 	 15 	10 	11 	7 	2 	4 	23 	5 	16 	21 	18 	3 	13 	17 	12 	15 	19 	24 	9 	6 	22 	14 	8 	1 	20 	0
CL 	 dot-jump 	 False 	 226 	 circle 	 1024 	 768 	 1.16079767166 	 44.445 	 66.667 	 11 	 -2.90199417916 	 -5.02640136157 	 -5.60622225078 	 -1.50218272469 	 -2.97335193094 	 -5.26923127002 	 False 	 23 	 12 	19 	6 	14 	20 	21 	9 	23 	12 	4 	24 	15 	17 	8 	3 	16 	2 	1 	5 	10 	22 	18 	13 	7 	11 	0
CL 	 dot-jump 	 False 	 227 	 circle 	 1024 	 768 	 1.16079767166 	 44.445 	 66.667 	 24 	 1.50218272469 	 5.60622225078 	 5.02640136157 	 -2.90199417916 	 1.65604411343 	 5.53269283352 	 False 	 8 	 13 	23 	7 	13 	14 	10 	3 	2 	20 	24 	15 	16 	8 	22 	17 	1 	18 	4 	5 	9 	19 	11 	12 	21 	6 	0
CL 	 dot-jump 	 False 	 228 	 circle 	 1024 	 768 	 1.16079767166 	 44.445 	 66.667 	 14 	 1.50218272469 	 -5.60622225078 	 -1.50218272469 	 5.60622225078 	 1.27967045129 	 -5.53269283352 	 False 	 11 	 8 	24 	4 	15 	19 	20 	1 	13 	22 	2 	12 	5 	14 	9 	6 	7 	17 	18 	21 	8 	11 	23 	16 	3 	10 	0
CL 	 dot-jump 	 False 	 229 	 circle 	 1024 	 768 	 1.16079767166 	 44.445 	 66.667 	 4 	 -4.10403952609 	 4.10403952609 	 -5.02640136157 	 -2.90199417916 	 -3.87664872009 	 3.72609925523 	 False 	 7 	 10 	1 	20 	2 	18 	12 	13 	23 	4 	15 	22 	9 	19 	7 	5 	3 	11 	8 	16 	21 	24 	6 	10 	14 	17 	0
CL 	 dot-jump 	 False 	 230 	 circle 	 1024 	 768 	 1.16079767166 	 44.445 	 66.667 	 7 	 -5.80398835832 	 0.0 	 5.60622225078 	 -1.50218272469 	 -5.90906649566 	 -0.150549464858 	 False 	 11 	 9 	24 	6 	17 	2 	5 	13 	12 	8 	20 	18 	4 	7 	19 	23 	16 	3 	15 	11 	10 	9 	1 	21 	14 	22 	0
CL 	 dot-jump 	 False 	 231 	 circle 	 1024 	 768 	 1.16079767166 	 44.445 	 66.667 	 1 	 0.0 	 5.80398835832 	 0.0 	 5.80398835832 	 0.188186831072 	 5.87142912945 	 True 	 16 	 16 	10 	9 	18 	24 	19 	2 	15 	3 	17 	23 	21 	11 	13 	4 	5 	6 	1 	8 	12 	14 	16 	20 	22 	7 	0
CL 	 dot-jump 	 False 	 232 	 circle 	 1024 	 768 	 1.16079767166 	 44.445 	 66.667 	 10 	 -4.10403952609 	 -4.10403952609 	 -4.10403952609 	 -4.10403952609 	 -4.10247291737 	 -4.29065974844 	 True 	 14 	 14 	16 	8 	2 	24 	19 	14 	5 	4 	21 	17 	20 	12 	1 	18 	10 	22 	9 	7 	3 	15 	23 	11 	6 	13 	0
CL 	 dot-jump 	 False 	 233 	 circle 	 1024 	 768 	 1.16079767166 	 44.445 	 66.667 	 11 	 -2.90199417916 	 -5.02640136157 	 -5.80398835832 	 0.0 	 -3.16153876201 	 -5.30686863623 	 False 	 12 	 11 	17 	3 	14 	22 	21 	19 	13 	18 	16 	24 	8 	7 	11 	23 	2 	20 	4 	10 	9 	6 	5 	12 	1 	15 	0
CL 	 dot-jump 	 False 	 234 	 circle 	 1024 	 768 	 1.16079767166 	 44.445 	 66.667 	 15 	 2.90199417916 	 -5.02640136157 	 2.90199417916 	 -5.02640136157 	 3.04862666337 	 -5.08104443895 	 True 	 8 	 8 	21 	10 	2 	13 	12 	3 	14 	23 	15 	1 	4 	11 	24 	5 	6 	18 	22 	8 	17 	7 	16 	9 	20 	19 	0
CL 	 dot-jump 	 False 	 235 	 circle 	 1024 	 768 	 1.16079767166 	 44.445 	 66.667 	 18 	 5.60622225078 	 -1.50218272469 	 -5.80398835832 	 0.0 	 5.98434122809 	 -1.50549464858 	 False 	 20 	 13 	15 	10 	24 	4 	23 	12 	8 	13 	5 	6 	20 	21 	16 	7 	2 	11 	19 	17 	3 	22 	18 	14 	9 	1 	0
CL 	 dot-jump 	 False 	 236 	 circle 	 1024 	 768 	 1.16079767166 	 44.445 	 66.667 	 21 	 5.02640136157 	 2.90199417916 	 -5.02640136157 	 -2.90199417916 	 5.53269283352 	 2.89807719851 	 False 	 15 	 16 	15 	12 	2 	17 	10 	3 	4 	20 	8 	7 	5 	1 	24 	19 	6 	21 	9 	11 	22 	13 	18 	14 	16 	23 	0
CL 	 dot-jump 	 False 	 237 	 circle 	 1024 	 768 	 1.16079767166 	 44.445 	 66.667 	 10 	 -4.10403952609 	 -4.10403952609 	 -2.90199417916 	 -5.02640136157 	 -4.02719818494 	 -4.36593448087 	 False 	 11 	 10 	16 	15 	18 	2 	13 	17 	5 	1 	4 	20 	11 	10 	8 	7 	6 	9 	21 	19 	14 	23 	24 	3 	12 	22 	0
CL 	 dot-jump 	 False 	 238 	 circle 	 1024 	 768 	 1.16079767166 	 44.445 	 66.667 	 4 	 -4.10403952609 	 4.10403952609 	 -4.10403952609 	 -4.10403952609 	 -4.36593448087 	 4.06483555116 	 False 	 12 	 11 	12 	1 	23 	11 	5 	20 	22 	24 	9 	3 	17 	10 	4 	16 	18 	13 	19 	7 	6 	15 	8 	2 	14 	21 	0
CL 	 dot-jump 	 False 	 239 	 circle 	 1024 	 768 	 1.16079767166 	 44.445 	 66.667 	 5 	 -5.02640136157 	 2.90199417916 	 -1.50218272469 	 5.60622225078 	 -5.30686863623 	 2.55934090258 	 False 	 12 	 9 	6 	21 	1 	16 	13 	4 	11 	17 	24 	2 	7 	8 	5 	22 	12 	20 	14 	23 	10 	15 	9 	19 	3 	18 	0
CL 	 dot-jump 	 False 	 240 	 circle 	 1024 	 768 	 1.16079767166 	 44.445 	 66.667 	 11 	 -2.90199417916 	 -5.02640136157 	 -5.60622225078 	 -1.50218272469 	 -2.78516509987 	 -5.08104443895 	 False 	 7 	 12 	14 	15 	23 	20 	9 	2 	3 	11 	7 	5 	19 	17 	8 	21 	10 	24 	16 	6 	13 	4 	22 	1 	18 	12 	0
CL 	 dot-jump 	 False 	 241 	 circle 	 1024 	 768 	 1.16079767166 	 44.445 	 66.667 	 5 	 -5.02640136157 	 2.90199417916 	 -4.10403952609 	 -4.10403952609 	 -5.49505546731 	 3.34972559308 	 False 	 2 	 14 	16 	22 	5 	4 	7 	20 	2 	24 	13 	11 	8 	1 	15 	3 	10 	6 	17 	12 	23 	21 	18 	9 	14 	19 	0
CL 	 dot-jump 	 False 	 242 	 circle 	 1024 	 768 	 1.16079767166 	 44.445 	 66.667 	 22 	 4.10403952609 	 4.10403952609 	 -5.02640136157 	 2.90199417916 	 4.40357184709 	 4.36593448087 	 False 	 11 	 15 	17 	6 	15 	19 	1 	9 	24 	8 	4 	16 	12 	22 	11 	20 	3 	5 	23 	10 	2 	14 	18 	13 	21 	7 	0
CL 	 dot-jump 	 False 	 243 	 circle 	 1024 	 768 	 1.16079767166 	 44.445 	 66.667 	 10 	 -4.10403952609 	 -4.10403952609 	 -5.02640136157 	 -2.90199417916 	 -3.61318715658 	 -4.51648394573 	 False 	 9 	 11 	5 	15 	21 	17 	23 	12 	20 	11 	7 	10 	3 	9 	4 	14 	24 	13 	18 	6 	16 	22 	1 	8 	19 	2 	0
CL 	 dot-jump 	 False 	 244 	 circle 	 1024 	 768 	 1.16079767166 	 44.445 	 66.667 	 4 	 -4.10403952609 	 4.10403952609 	 -1.50218272469 	 -5.60622225078 	 -4.10247291737 	 3.87664872009 	 False 	 9 	 8 	17 	2 	3 	7 	18 	20 	1 	9 	12 	4 	8 	11 	6 	15 	24 	23 	21 	14 	10 	19 	5 	16 	22 	13 	0
CL 	 dot-jump 	 False 	 245 	 circle 	 1024 	 768 	 1.16079767166 	 44.445 	 66.667 	 3 	 -2.90199417916 	 5.02640136157 	 -5.60622225078 	 -1.50218272469 	 -2.78516509987 	 4.93049497409 	 False 	 12 	 15 	24 	14 	23 	21 	15 	18 	11 	22 	16 	1 	7 	10 	3 	9 	2 	8 	12 	4 	6 	13 	5 	17 	20 	19 	0
CL 	 dot-jump 	 False 	 246 	 circle 	 1024 	 768 	 1.16079767166 	 44.445 	 66.667 	 11 	 -2.90199417916 	 -5.02640136157 	 -4.10403952609 	 -4.10403952609 	 -2.82280246608 	 -5.26923127002 	 False 	 20 	 10 	22 	3 	13 	19 	24 	23 	2 	14 	4 	12 	10 	8 	6 	18 	17 	9 	1 	5 	15 	7 	11 	20 	16 	21 	0
CL 	 dot-jump 	 False 	 247 	 circle 	 1024 	 768 	 1.16079767166 	 44.445 	 66.667 	 11 	 -2.90199417916 	 -5.02640136157 	 1.50218272469 	 -5.60622225078 	 -2.74752773365 	 -4.47884657952 	 False 	 7 	 9 	24 	2 	12 	20 	17 	7 	23 	11 	4 	14 	10 	3 	19 	22 	6 	8 	5 	15 	9 	1 	21 	13 	18 	16 	0
CL 	 dot-jump 	 False 	 248 	 circle 	 1024 	 768 	 1.16079767166 	 44.445 	 66.667 	 16 	 4.10403952609 	 -4.10403952609 	 1.50218272469 	 -5.60622225078 	 4.47884657952 	 -4.21538501602 	 False 	 5 	 14 	8 	21 	3 	12 	1 	16 	7 	22 	15 	6 	11 	18 	10 	19 	14 	17 	2 	5 	20 	23 	24 	9 	4 	13 	0
CL 	 dot-jump 	 False 	 249 	 circle 	 1024 	 768 	 1.16079767166 	 44.445 	 66.667 	 16 	 4.10403952609 	 -4.10403952609 	 5.02640136157 	 2.90199417916 	 4.21538501602 	 -3.87664872009 	 False 	 14 	 16 	8 	13 	11 	10 	5 	22 	1 	2 	23 	14 	3 	24 	18 	6 	16 	15 	21 	17 	4 	7 	12 	19 	9 	20 	0
CL 	 dot-jump 	 False 	 250 	 circle 	 1024 	 768 	 1.16079767166 	 44.445 	 66.667 	 4 	 -4.10403952609 	 4.10403952609 	 -2.90199417916 	 -5.02640136157 	 -4.1777476498 	 4.21538501602 	 False 	 2 	 13 	19 	23 	4 	15 	13 	20 	8 	9 	6 	17 	24 	21 	7 	11 	2 	10 	18 	1 	16 	22 	5 	14 	12 	3 	0
CL 	 dot-jump 	 False 	 251 	 circle 	 1024 	 768 	 1.16079767166 	 44.445 	 66.667 	 11 	 -2.90199417916 	 -5.02640136157 	 5.80398835832 	 0.0 	 -2.67225300122 	 -5.30686863623 	 False 	 7 	 12 	15 	14 	6 	2 	20 	24 	9 	11 	17 	18 	23 	21 	19 	10 	5 	22 	12 	13 	16 	3 	4 	7 	8 	1 	0
CL 	 dot-jump 	 False 	 252 	 circle 	 1024 	 768 	 1.16079767166 	 44.445 	 66.667 	 15 	 2.90199417916 	 -5.02640136157 	 -1.50218272469 	 -5.60622225078 	 2.63461563501 	 -4.93049497409 	 False 	 6 	 8 	19 	23 	4 	13 	6 	11 	15 	14 	12 	8 	1 	9 	22 	17 	18 	5 	24 	3 	21 	20 	2 	10 	7 	16 	0
CL 	 dot-jump 	 False 	 253 	 circle 	 1024 	 768 	 1.16079767166 	 44.445 	 66.667 	 6 	 -5.60622225078 	 1.50218272469 	 2.90199417916 	 -5.02640136157 	 -5.72087966459 	 1.58076938101 	 False 	 1 	 16 	21 	6 	12 	22 	24 	20 	13 	17 	14 	5 	3 	23 	19 	10 	9 	11 	15 	2 	4 	16 	18 	8 	7 	1 	0
CL 	 dot-jump 	 False 	 254 	 circle 	 1024 	 768 	 1.16079767166 	 44.445 	 66.667 	 12 	 -1.50218272469 	 -5.60622225078 	 0.0 	 -5.80398835832 	 -1.99478040936 	 -5.87142912945 	 False 	 16 	 13 	15 	3 	5 	18 	14 	21 	19 	10 	4 	11 	23 	20 	17 	13 	24 	1 	12 	22 	6 	7 	9 	8 	2 	16 	0
CL 	 dot-jump 	 False 	 255 	 circle 	 1024 	 768 	 1.16079767166 	 44.445 	 66.667 	 3 	 -2.90199417916 	 5.02640136157 	 -4.10403952609 	 4.10403952609 	 -2.97335193094 	 5.11868180516 	 False 	 20 	 11 	15 	21 	11 	18 	19 	1 	20 	16 	9 	22 	24 	4 	5 	2 	14 	17 	23 	6 	7 	10 	3 	12 	13 	8 	0
CL 	 dot-jump 	 False 	 256 	 circle 	 1024 	 768 	 1.16079767166 	 44.445 	 66.667 	 20 	 5.60622225078 	 1.50218272469 	 -2.90199417916 	 5.02640136157 	 5.79615439702 	 1.3173078175 	 False 	 5 	 9 	6 	5 	12 	4 	14 	20 	13 	24 	16 	3 	17 	19 	7 	21 	1 	23 	11 	22 	9 	15 	2 	10 	8 	18 	0
CL 	 dot-jump 	 False 	 257 	 circle 	 1024 	 768 	 1.16079767166 	 44.445 	 66.667 	 15 	 2.90199417916 	 -5.02640136157 	 4.10403952609 	 -4.10403952609 	 3.23681349444 	 -5.30686863623 	 False 	 22 	 14 	3 	4 	5 	23 	11 	14 	9 	7 	6 	21 	8 	10 	2 	1 	16 	20 	24 	13 	17 	12 	18 	22 	15 	19 	0
CL 	 dot-jump 	 False 	 258 	 circle 	 1024 	 768 	 1.16079767166 	 44.445 	 66.667 	 3 	 -2.90199417916 	 5.02640136157 	 0.0 	 5.80398835832 	 -3.16153876201 	 4.93049497409 	 False 	 23 	 12 	21 	6 	7 	17 	23 	18 	5 	22 	19 	16 	24 	14 	1 	12 	10 	2 	13 	15 	11 	4 	20 	8 	9 	3 	0
CL 	 dot-jump 	 False 	 259 	 circle 	 1024 	 768 	 1.16079767166 	 44.445 	 66.667 	 17 	 5.02640136157 	 -2.90199417916 	 4.10403952609 	 -4.10403952609 	 5.30686863623 	 -3.04862666337 	 False 	 14 	 15 	20 	13 	5 	23 	14 	6 	15 	2 	10 	7 	12 	8 	22 	18 	17 	16 	24 	11 	3 	21 	1 	19 	9 	4 	0
CL 	 dot-jump 	 False 	 260 	 circle 	 1024 	 768 	 1.16079767166 	 44.445 	 66.667 	 16 	 4.10403952609 	 -4.10403952609 	 2.90199417916 	 -5.02640136157 	 4.36593448087 	 -4.14011028359 	 False 	 18 	 10 	20 	1 	12 	5 	6 	7 	18 	10 	4 	21 	15 	22 	23 	13 	24 	14 	17 	9 	16 	11 	2 	8 	3 	19 	0
CL 	 dot-jump 	 False 	 261 	 circle 	 1024 	 768 	 1.16079767166 	 44.445 	 66.667 	 17 	 5.02640136157 	 -2.90199417916 	 4.10403952609 	 -4.10403952609 	 5.45741810109 	 -3.19917612823 	 False 	 2 	 9 	9 	6 	17 	13 	22 	10 	23 	2 	18 	16 	20 	12 	21 	11 	15 	5 	4 	3 	14 	24 	8 	1 	19 	7 	0
CL 	 dot-jump 	 False 	 262 	 circle 	 1024 	 768 	 1.16079767166 	 44.445 	 66.667 	 13 	 0.0 	 -5.80398835832 	 -5.60622225078 	 -1.50218272469 	 0.150549464858 	 -6.05961596052 	 False 	 15 	 16 	15 	4 	2 	10 	19 	6 	17 	18 	11 	5 	21 	1 	9 	12 	16 	13 	8 	23 	20 	22 	14 	24 	3 	7 	0
CL 	 dot-jump 	 False 	 263 	 circle 	 1024 	 768 	 1.16079767166 	 44.445 	 66.667 	 12 	 -1.50218272469 	 -5.60622225078 	 -5.60622225078 	 -1.50218272469 	 -1.46785728236 	 -5.79615439702 	 False 	 13 	 11 	2 	18 	4 	9 	14 	17 	16 	22 	15 	10 	5 	8 	6 	12 	19 	20 	24 	7 	1 	13 	21 	3 	11 	23 	0
CL 	 dot-jump 	 False 	 264 	 circle 	 1024 	 768 	 1.16079767166 	 44.445 	 66.667 	 13 	 0.0 	 -5.80398835832 	 0.0 	 5.80398835832 	 0.0376373662144 	 -5.83379176324 	 False 	 5 	 8 	11 	20 	18 	12 	15 	13 	19 	7 	1 	22 	17 	23 	10 	8 	21 	3 	24 	14 	4 	5 	2 	9 	16 	6 	0
CL 	 dot-jump 	 False 	 265 	 circle 	 1024 	 768 	 1.16079767166 	 44.445 	 66.667 	 24 	 1.50218272469 	 5.60622225078 	 0.0 	 5.80398835832 	 1.35494518372 	 5.11868180516 	 False 	 1 	 10 	7 	24 	8 	23 	18 	4 	20 	17 	15 	5 	1 	2 	10 	11 	22 	14 	3 	12 	21 	13 	16 	19 	9 	6 	0
CL 	 dot-jump 	 False 	 266 	 circle 	 1024 	 768 	 1.16079767166 	 44.445 	 66.667 	 14 	 1.50218272469 	 -5.60622225078 	 -5.60622225078 	 1.50218272469 	 1.16675835265 	 -5.45741810109 	 False 	 12 	 13 	15 	18 	20 	7 	24 	2 	22 	16 	9 	1 	21 	12 	14 	6 	23 	3 	5 	19 	8 	11 	10 	13 	17 	4 	0
CL 	 dot-jump 	 False 	 267 	 circle 	 1024 	 768 	 1.16079767166 	 44.445 	 66.667 	 11 	 -2.90199417916 	 -5.02640136157 	 -1.50218272469 	 -5.60622225078 	 -3.19917612823 	 -5.2315939038 	 False 	 1 	 12 	15 	11 	19 	8 	23 	18 	9 	4 	17 	3 	5 	24 	12 	21 	1 	10 	16 	2 	6 	7 	13 	14 	22 	20 	0
CL 	 dot-jump 	 False 	 268 	 circle 	 1024 	 768 	 1.16079767166 	 44.445 	 66.667 	 6 	 -5.60622225078 	 1.50218272469 	 -5.60622225078 	 1.50218272469 	 -5.83379176324 	 1.43021991615 	 True 	 14 	 14 	10 	14 	4 	13 	20 	7 	17 	21 	22 	1 	5 	24 	23 	19 	6 	16 	15 	18 	3 	2 	8 	9 	11 	12 	0
CL 	 dot-jump 	 False 	 269 	 circle 	 1024 	 768 	 1.16079767166 	 44.445 	 66.667 	 5 	 -5.02640136157 	 2.90199417916 	 -5.60622225078 	 -1.50218272469 	 -5.30686863623 	 2.74752773365 	 False 	 16 	 15 	11 	9 	12 	18 	19 	24 	17 	3 	2 	15 	4 	20 	22 	23 	7 	8 	5 	1 	13 	10 	16 	21 	6 	14 	0
