subject 	task 	staircase 	trialNum 	stimulus 	monitorWidth 	monitorHeight 	stimHeight  	ISI 	SOA 	responseSpatialPos 	responseX 	responseY 	correctX 	correctY 	clickX 	clickY 	accuracy 	responsePosInStream 	correctPosInStream 	position0 	position1 	position2 	position3 	position4 	position5 	position6 	position7 	position8 	position9 	position10 	position11 	position12 	position13 	position14 	position15 	position16 	position17 	position18 	position19 	position20 	position21 	position22 	position23 	longFrames
IvT 	 dot-jump 	 False 	 0 	 circle 	 1024 	 768 	 1.16079767166 	 44.445 	 66.667 	 21 	 5.02640136157 	 2.90199417916 	 1.50218272469 	 -5.60622225078 	 19.2326941356 	 14.4527486263 	 False 	 13 	 16 	16 	10 	6 	11 	24 	13 	9 	2 	5 	1 	17 	4 	19 	21 	20 	18 	14 	12 	15 	22 	23 	8 	3 	7 	0
IvT 	 dot-jump 	 False 	 1 	 circle 	 1024 	 768 	 1.16079767166 	 44.445 	 66.667 	 15 	 2.90199417916 	 -5.02640136157 	 4.10403952609 	 -4.10403952609 	 2.70989036744 	 -5.11868180516 	 False 	 9 	 8 	22 	9 	8 	5 	2 	4 	24 	3 	16 	15 	10 	19 	12 	14 	18 	11 	21 	1 	23 	17 	7 	6 	20 	13 	0
IvT 	 dot-jump 	 False 	 2 	 circle 	 1024 	 768 	 1.16079767166 	 44.445 	 66.667 	 16 	 4.10403952609 	 -4.10403952609 	 0.0 	 5.80398835832 	 3.61318715658 	 -4.25302238223 	 False 	 19 	 9 	23 	12 	15 	24 	3 	8 	18 	6 	14 	1 	17 	22 	13 	9 	4 	7 	20 	5 	10 	16 	2 	21 	11 	19 	0
IvT 	 dot-jump 	 False 	 3 	 circle 	 1024 	 768 	 1.16079767166 	 44.445 	 66.667 	 15 	 2.90199417916 	 -5.02640136157 	 4.10403952609 	 -4.10403952609 	 2.78516509987 	 -5.11868180516 	 False 	 14 	 12 	6 	18 	17 	11 	7 	13 	10 	24 	21 	3 	12 	23 	16 	22 	15 	2 	9 	1 	20 	8 	14 	5 	4 	19 	0
IvT 	 dot-jump 	 False 	 4 	 circle 	 1024 	 768 	 1.16079767166 	 44.445 	 66.667 	 10 	 -4.10403952609 	 -4.10403952609 	 -1.50218272469 	 -5.60622225078 	 -3.68846188901 	 -4.36593448087 	 False 	 22 	 15 	6 	5 	20 	22 	8 	13 	7 	24 	3 	2 	14 	16 	23 	11 	1 	12 	17 	18 	4 	19 	21 	9 	10 	15 	0
IvT 	 dot-jump 	 False 	 5 	 circle 	 1024 	 768 	 1.16079767166 	 44.445 	 66.667 	 13 	 0.0 	 -5.80398835832 	 0.0 	 5.80398835832 	 0.33873629593 	 -6.05961596052 	 False 	 11 	 10 	10 	2 	7 	3 	22 	17 	4 	5 	8 	12 	1 	13 	11 	18 	14 	9 	23 	6 	15 	21 	16 	19 	24 	20 	0
IvT 	 dot-jump 	 False 	 6 	 circle 	 1024 	 768 	 1.16079767166 	 44.445 	 66.667 	 16 	 4.10403952609 	 -4.10403952609 	 4.10403952609 	 -4.10403952609 	 4.10247291737 	 -4.36593448087 	 True 	 14 	 14 	12 	24 	13 	10 	21 	9 	15 	6 	14 	18 	7 	8 	2 	20 	16 	3 	17 	19 	22 	11 	1 	5 	23 	4 	0
IvT 	 dot-jump 	 False 	 7 	 circle 	 1024 	 768 	 1.16079767166 	 44.445 	 66.667 	 20 	 5.60622225078 	 1.50218272469 	 5.80398835832 	 0.0 	 6.21016542538 	 1.39258254993 	 False 	 8 	 11 	4 	21 	9 	1 	12 	10 	5 	3 	20 	22 	16 	19 	2 	23 	6 	14 	18 	11 	17 	15 	8 	7 	13 	24 	0
IvT 	 dot-jump 	 False 	 8 	 circle 	 1024 	 768 	 1.16079767166 	 44.445 	 66.667 	 22 	 4.10403952609 	 4.10403952609 	 -4.10403952609 	 -4.10403952609 	 4.74230814302 	 4.29065974844 	 False 	 10 	 13 	1 	13 	14 	3 	21 	8 	9 	19 	15 	6 	22 	12 	20 	10 	23 	2 	4 	11 	17 	16 	5 	7 	18 	24 	0
IvT 	 dot-jump 	 False 	 9 	 circle 	 1024 	 768 	 1.16079767166 	 44.445 	 66.667 	 15 	 2.90199417916 	 -5.02640136157 	 2.90199417916 	 -5.02640136157 	 2.8604398323 	 -4.89285760787 	 True 	 8 	 8 	13 	4 	24 	18 	22 	3 	21 	6 	15 	10 	2 	1 	7 	20 	8 	14 	17 	16 	9 	5 	11 	23 	12 	19 	0
IvT 	 dot-jump 	 False 	 10 	 circle 	 1024 	 768 	 1.16079767166 	 44.445 	 66.667 	 12 	 -1.50218272469 	 -5.60622225078 	 -1.50218272469 	 -5.60622225078 	 -1.91950567694 	 -5.68324229838 	 True 	 13 	 13 	8 	3 	16 	19 	13 	6 	23 	5 	17 	10 	14 	11 	21 	12 	9 	22 	4 	7 	20 	24 	2 	18 	1 	15 	0
IvT 	 dot-jump 	 False 	 11 	 circle 	 1024 	 768 	 1.16079767166 	 44.445 	 66.667 	 14 	 1.50218272469 	 -5.60622225078 	 -5.02640136157 	 -2.90199417916 	 1.84423094451 	 -5.34450600245 	 False 	 15 	 16 	5 	18 	13 	10 	12 	3 	20 	1 	17 	24 	15 	23 	7 	8 	11 	14 	9 	21 	2 	22 	4 	19 	6 	16 	0
IvT 	 dot-jump 	 False 	 12 	 circle 	 1024 	 768 	 1.16079767166 	 44.445 	 66.667 	 20 	 5.60622225078 	 1.50218272469 	 5.60622225078 	 1.50218272469 	 5.64560493216 	 1.80659357829 	 True 	 10 	 10 	17 	8 	12 	10 	5 	19 	21 	23 	22 	15 	20 	9 	4 	1 	14 	3 	24 	13 	16 	2 	18 	6 	7 	11 	0
IvT 	 dot-jump 	 False 	 13 	 circle 	 1024 	 768 	 1.16079767166 	 44.445 	 66.667 	 24 	 1.50218272469 	 5.60622225078 	 1.50218272469 	 5.60622225078 	 1.73131884586 	 5.38214336866 	 True 	 15 	 15 	13 	15 	23 	22 	10 	19 	14 	18 	6 	7 	2 	11 	3 	16 	5 	24 	8 	1 	21 	4 	9 	20 	17 	12 	0
IvT 	 dot-jump 	 False 	 14 	 circle 	 1024 	 768 	 1.16079767166 	 44.445 	 66.667 	 16 	 4.10403952609 	 -4.10403952609 	 -5.02640136157 	 -2.90199417916 	 3.80137398766 	 -4.25302238223 	 False 	 18 	 12 	21 	5 	3 	24 	4 	8 	22 	19 	23 	17 	6 	14 	9 	20 	15 	11 	1 	2 	16 	7 	13 	18 	10 	12 	0
IvT 	 dot-jump 	 False 	 15 	 circle 	 1024 	 768 	 1.16079767166 	 44.445 	 66.667 	 4 	 -4.10403952609 	 4.10403952609 	 5.80398835832 	 0.0 	 -4.10247291737 	 4.21538501602 	 False 	 12 	 11 	13 	15 	10 	22 	21 	6 	12 	7 	17 	8 	2 	19 	4 	11 	5 	9 	24 	3 	23 	20 	14 	1 	16 	18 	0
IvT 	 dot-jump 	 False 	 16 	 circle 	 1024 	 768 	 1.16079767166 	 44.445 	 66.667 	 21 	 5.02640136157 	 2.90199417916 	 -2.90199417916 	 -5.02640136157 	 5.45741810109 	 3.31208822687 	 False 	 11 	 14 	7 	6 	16 	15 	1 	14 	12 	23 	8 	13 	22 	21 	2 	4 	11 	5 	20 	24 	17 	3 	18 	10 	9 	19 	0
IvT 	 dot-jump 	 False 	 17 	 circle 	 1024 	 768 	 1.16079767166 	 44.445 	 66.667 	 15 	 2.90199417916 	 -5.02640136157 	 -5.02640136157 	 2.90199417916 	 2.70989036744 	 -5.19395653759 	 False 	 11 	 9 	11 	7 	24 	2 	13 	9 	17 	14 	10 	5 	18 	15 	6 	20 	3 	4 	8 	12 	21 	22 	16 	23 	1 	19 	0
IvT 	 dot-jump 	 False 	 18 	 circle 	 1024 	 768 	 1.16079767166 	 44.445 	 66.667 	 9 	 -5.02640136157 	 -2.90199417916 	 -5.80398835832 	 0.0 	 -4.93049497409 	 -3.27445086065 	 False 	 11 	 9 	15 	20 	1 	4 	14 	2 	12 	22 	5 	7 	24 	9 	18 	8 	21 	6 	11 	19 	16 	23 	3 	17 	10 	13 	0
IvT 	 dot-jump 	 False 	 19 	 circle 	 1024 	 768 	 1.16079767166 	 44.445 	 66.667 	 19 	 5.80398835832 	 0.0 	 5.60622225078 	 1.50218272469 	 6.09725332674 	 -0.112912098643 	 False 	 1 	 11 	13 	19 	10 	9 	18 	4 	17 	12 	8 	3 	21 	20 	7 	6 	1 	14 	24 	2 	5 	22 	15 	23 	11 	16 	0
IvT 	 dot-jump 	 False 	 20 	 circle 	 1024 	 768 	 1.16079767166 	 44.445 	 66.667 	 22 	 4.10403952609 	 4.10403952609 	 -5.60622225078 	 1.50218272469 	 3.61318715658 	 4.02719818494 	 False 	 9 	 13 	16 	3 	13 	20 	9 	10 	17 	1 	12 	22 	5 	23 	11 	6 	14 	4 	15 	18 	7 	21 	24 	8 	19 	2 	0
IvT 	 dot-jump 	 False 	 21 	 circle 	 1024 	 768 	 1.16079767166 	 44.445 	 66.667 	 20 	 5.60622225078 	 1.50218272469 	 1.50218272469 	 -5.60622225078 	 5.41978073488 	 0.940934155361 	 False 	 2 	 10 	6 	1 	20 	22 	17 	18 	19 	7 	10 	8 	14 	12 	11 	9 	21 	24 	5 	13 	16 	3 	23 	15 	4 	2 	0
IvT 	 dot-jump 	 False 	 22 	 circle 	 1024 	 768 	 1.16079767166 	 44.445 	 66.667 	 16 	 4.10403952609 	 -4.10403952609 	 1.50218272469 	 5.60622225078 	 3.80137398766 	 -4.51648394573 	 False 	 5 	 16 	14 	1 	9 	13 	11 	16 	4 	19 	6 	8 	3 	17 	15 	2 	18 	10 	24 	5 	21 	20 	12 	23 	22 	7 	0
IvT 	 dot-jump 	 False 	 23 	 circle 	 1024 	 768 	 1.16079767166 	 44.445 	 66.667 	 4 	 -4.10403952609 	 4.10403952609 	 5.60622225078 	 -1.50218272469 	 -3.98956081873 	 3.57554979037 	 False 	 19 	 15 	13 	19 	9 	6 	20 	10 	12 	22 	21 	16 	17 	3 	24 	2 	7 	18 	15 	1 	23 	4 	14 	5 	8 	11 	0
IvT 	 dot-jump 	 False 	 24 	 circle 	 1024 	 768 	 1.16079767166 	 44.445 	 66.667 	 1 	 0.0 	 5.80398835832 	 0.0 	 5.80398835832 	 0.301098929715 	 5.45741810109 	 True 	 14 	 14 	22 	7 	11 	17 	14 	24 	8 	4 	6 	19 	9 	21 	12 	3 	1 	15 	13 	16 	18 	20 	23 	10 	2 	5 	0
IvT 	 dot-jump 	 False 	 25 	 circle 	 1024 	 768 	 1.16079767166 	 44.445 	 66.667 	 10 	 -4.10403952609 	 -4.10403952609 	 5.60622225078 	 1.50218272469 	 -3.87664872009 	 -4.59175867816 	 False 	 20 	 12 	11 	7 	24 	16 	1 	14 	19 	22 	2 	4 	15 	18 	20 	12 	23 	3 	21 	13 	5 	8 	10 	6 	17 	9 	0
IvT 	 dot-jump 	 False 	 26 	 circle 	 1024 	 768 	 1.16079767166 	 44.445 	 66.667 	 22 	 4.10403952609 	 4.10403952609 	 2.90199417916 	 5.02640136157 	 4.25302238223 	 4.06483555116 	 False 	 20 	 8 	13 	24 	14 	11 	9 	21 	2 	7 	23 	6 	3 	4 	15 	16 	17 	18 	8 	10 	12 	20 	22 	1 	5 	19 	0
IvT 	 dot-jump 	 False 	 27 	 circle 	 1024 	 768 	 1.16079767166 	 44.445 	 66.667 	 22 	 4.10403952609 	 4.10403952609 	 -2.90199417916 	 -5.02640136157 	 3.61318715658 	 3.80137398766 	 False 	 15 	 16 	6 	21 	16 	19 	12 	5 	18 	1 	2 	15 	10 	20 	14 	8 	17 	22 	11 	7 	4 	23 	9 	24 	13 	3 	0
IvT 	 dot-jump 	 False 	 28 	 circle 	 1024 	 768 	 1.16079767166 	 44.445 	 66.667 	 6 	 -5.60622225078 	 1.50218272469 	 2.90199417916 	 5.02640136157 	 -5.49505546731 	 1.43021991615 	 False 	 19 	 11 	16 	17 	20 	7 	21 	1 	3 	12 	14 	11 	4 	23 	18 	22 	19 	5 	13 	9 	10 	6 	15 	24 	2 	8 	0
IvT 	 dot-jump 	 False 	 29 	 circle 	 1024 	 768 	 1.16079767166 	 44.445 	 66.667 	 19 	 5.80398835832 	 0.0 	 1.50218272469 	 5.60622225078 	 6.05961596052 	 -0.414011028359 	 False 	 7 	 10 	17 	9 	13 	10 	21 	4 	5 	19 	8 	2 	24 	11 	6 	20 	22 	16 	15 	12 	23 	1 	18 	3 	14 	7 	0
IvT 	 dot-jump 	 False 	 30 	 circle 	 1024 	 768 	 1.16079767166 	 44.445 	 66.667 	 11 	 -2.90199417916 	 -5.02640136157 	 5.02640136157 	 2.90199417916 	 -2.97335193094 	 -5.11868180516 	 False 	 6 	 8 	20 	15 	7 	12 	2 	16 	11 	4 	21 	22 	3 	13 	24 	14 	1 	23 	5 	8 	6 	19 	10 	18 	9 	17 	0
IvT 	 dot-jump 	 False 	 31 	 circle 	 1024 	 768 	 1.16079767166 	 44.445 	 66.667 	 16 	 4.10403952609 	 -4.10403952609 	 5.80398835832 	 0.0 	 4.55412131195 	 -4.36593448087 	 False 	 14 	 15 	5 	14 	4 	24 	17 	15 	18 	12 	3 	1 	22 	11 	10 	20 	16 	19 	2 	23 	21 	7 	8 	13 	9 	6 	0
IvT 	 dot-jump 	 False 	 32 	 circle 	 1024 	 768 	 1.16079767166 	 44.445 	 66.667 	 4 	 -4.10403952609 	 4.10403952609 	 4.10403952609 	 4.10403952609 	 -3.95192345251 	 4.10247291737 	 False 	 2 	 9 	12 	7 	4 	1 	21 	17 	13 	8 	16 	22 	3 	20 	18 	10 	15 	11 	5 	23 	14 	2 	24 	9 	19 	6 	0
IvT 	 dot-jump 	 False 	 33 	 circle 	 1024 	 768 	 1.16079767166 	 44.445 	 66.667 	 12 	 -1.50218272469 	 -5.60622225078 	 -1.50218272469 	 -5.60622225078 	 -1.27967045129 	 -5.53269283352 	 True 	 14 	 14 	5 	13 	9 	24 	22 	19 	16 	1 	6 	20 	21 	23 	11 	8 	12 	17 	2 	18 	3 	15 	4 	7 	14 	10 	0
IvT 	 dot-jump 	 False 	 34 	 circle 	 1024 	 768 	 1.16079767166 	 44.445 	 66.667 	 22 	 4.10403952609 	 4.10403952609 	 -5.80398835832 	 0.0 	 4.62939604437 	 4.40357184709 	 False 	 10 	 13 	15 	20 	10 	23 	24 	11 	8 	21 	9 	19 	22 	13 	6 	7 	1 	16 	17 	5 	14 	2 	12 	3 	18 	4 	0
IvT 	 dot-jump 	 False 	 35 	 circle 	 1024 	 768 	 1.16079767166 	 44.445 	 66.667 	 10 	 -4.10403952609 	 -4.10403952609 	 2.90199417916 	 -5.02640136157 	 -4.29065974844 	 -3.80137398766 	 False 	 10 	 12 	8 	4 	11 	7 	2 	17 	21 	1 	5 	13 	10 	24 	15 	16 	9 	22 	23 	19 	18 	12 	6 	3 	20 	14 	0
IvT 	 dot-jump 	 False 	 36 	 circle 	 1024 	 768 	 1.16079767166 	 44.445 	 66.667 	 10 	 -4.10403952609 	 -4.10403952609 	 2.90199417916 	 -5.02640136157 	 -3.50027505794 	 -3.95192345251 	 False 	 6 	 8 	4 	1 	7 	9 	22 	20 	10 	8 	15 	19 	11 	21 	12 	3 	18 	6 	5 	16 	24 	17 	14 	2 	13 	23 	0
IvT 	 dot-jump 	 False 	 37 	 circle 	 1024 	 768 	 1.16079767166 	 44.445 	 66.667 	 4 	 -4.10403952609 	 4.10403952609 	 5.02640136157 	 2.90199417916 	 -4.32829711466 	 4.1777476498 	 False 	 10 	 12 	7 	10 	18 	9 	24 	19 	2 	3 	8 	13 	4 	12 	21 	20 	17 	14 	15 	23 	5 	16 	6 	1 	22 	11 	0
IvT 	 dot-jump 	 False 	 38 	 circle 	 1024 	 768 	 1.16079767166 	 44.445 	 66.667 	 15 	 2.90199417916 	 -5.02640136157 	 1.50218272469 	 -5.60622225078 	 2.63461563501 	 -5.2315939038 	 False 	 3 	 15 	7 	6 	5 	15 	1 	13 	19 	2 	12 	4 	21 	8 	10 	17 	18 	14 	16 	22 	11 	3 	24 	23 	20 	9 	0
IvT 	 dot-jump 	 False 	 39 	 circle 	 1024 	 768 	 1.16079767166 	 44.445 	 66.667 	 4 	 -4.10403952609 	 4.10403952609 	 -1.50218272469 	 5.60622225078 	 -3.87664872009 	 3.83901135387 	 False 	 19 	 13 	15 	16 	6 	20 	21 	14 	13 	18 	3 	11 	22 	19 	9 	2 	12 	7 	17 	24 	10 	4 	1 	5 	23 	8 	0
IvT 	 dot-jump 	 False 	 40 	 circle 	 1024 	 768 	 1.16079767166 	 44.445 	 66.667 	 11 	 -2.90199417916 	 -5.02640136157 	 1.50218272469 	 5.60622225078 	 -2.70989036744 	 -5.08104443895 	 False 	 5 	 16 	14 	20 	6 	22 	2 	11 	10 	19 	8 	3 	21 	5 	9 	16 	12 	7 	24 	13 	23 	15 	1 	18 	17 	4 	0
IvT 	 dot-jump 	 False 	 41 	 circle 	 1024 	 768 	 1.16079767166 	 44.445 	 66.667 	 22 	 4.10403952609 	 4.10403952609 	 -5.60622225078 	 -1.50218272469 	 4.32829711466 	 4.10247291737 	 False 	 14 	 11 	20 	10 	3 	9 	12 	14 	24 	15 	16 	18 	1 	8 	19 	2 	22 	6 	11 	17 	21 	7 	13 	5 	23 	4 	0
IvT 	 dot-jump 	 False 	 42 	 circle 	 1024 	 768 	 1.16079767166 	 44.445 	 66.667 	 4 	 -4.10403952609 	 4.10403952609 	 2.90199417916 	 5.02640136157 	 -3.83901135387 	 3.68846188901 	 False 	 18 	 9 	14 	11 	24 	8 	22 	20 	13 	15 	2 	23 	21 	1 	10 	5 	6 	7 	3 	18 	4 	12 	16 	9 	17 	19 	0
IvT 	 dot-jump 	 False 	 43 	 circle 	 1024 	 768 	 1.16079767166 	 44.445 	 66.667 	 11 	 -2.90199417916 	 -5.02640136157 	 -4.10403952609 	 -4.10403952609 	 -2.44642880394 	 -5.30686863623 	 False 	 7 	 14 	1 	15 	2 	9 	23 	16 	6 	11 	13 	12 	24 	3 	20 	19 	10 	22 	5 	4 	18 	7 	21 	8 	17 	14 	0
IvT 	 dot-jump 	 False 	 44 	 circle 	 1024 	 768 	 1.16079767166 	 44.445 	 66.667 	 21 	 5.02640136157 	 2.90199417916 	 5.02640136157 	 2.90199417916 	 4.62939604437 	 2.70989036744 	 True 	 10 	 10 	24 	2 	14 	18 	20 	9 	19 	6 	10 	3 	21 	17 	11 	4 	16 	22 	5 	23 	1 	8 	12 	7 	13 	15 	0
IvT 	 dot-jump 	 False 	 45 	 circle 	 1024 	 768 	 1.16079767166 	 44.445 	 66.667 	 15 	 2.90199417916 	 -5.02640136157 	 -5.60622225078 	 1.50218272469 	 2.37115407151 	 -5.15631917138 	 False 	 10 	 9 	21 	4 	10 	22 	1 	20 	8 	19 	23 	6 	15 	17 	7 	24 	3 	14 	12 	18 	11 	9 	5 	16 	2 	13 	0
IvT 	 dot-jump 	 False 	 46 	 circle 	 1024 	 768 	 1.16079767166 	 44.445 	 66.667 	 23 	 2.90199417916 	 5.02640136157 	 -1.50218272469 	 5.60622225078 	 2.40879143772 	 4.74230814302 	 False 	 7 	 10 	19 	9 	16 	14 	11 	22 	17 	23 	5 	4 	2 	6 	15 	7 	12 	1 	24 	3 	20 	18 	8 	10 	13 	21 	0
IvT 	 dot-jump 	 False 	 47 	 circle 	 1024 	 768 	 1.16079767166 	 44.445 	 66.667 	 9 	 -5.02640136157 	 -2.90199417916 	 2.90199417916 	 5.02640136157 	 -5.2315939038 	 -3.1239013958 	 False 	 7 	 14 	11 	3 	12 	6 	4 	22 	15 	9 	5 	20 	14 	1 	19 	17 	23 	8 	24 	21 	10 	2 	16 	13 	7 	18 	0
IvT 	 dot-jump 	 False 	 48 	 circle 	 1024 	 768 	 1.16079767166 	 44.445 	 66.667 	 4 	 -4.10403952609 	 4.10403952609 	 -2.90199417916 	 5.02640136157 	 -4.10247291737 	 3.61318715658 	 False 	 14 	 16 	18 	23 	14 	11 	20 	6 	13 	10 	9 	21 	15 	19 	17 	22 	4 	7 	3 	5 	8 	1 	12 	16 	24 	2 	0
IvT 	 dot-jump 	 False 	 49 	 circle 	 1024 	 768 	 1.16079767166 	 44.445 	 66.667 	 11 	 -2.90199417916 	 -5.02640136157 	 -4.10403952609 	 -4.10403952609 	 -2.78516509987 	 -4.89285760787 	 False 	 18 	 8 	12 	4 	2 	17 	23 	13 	7 	3 	10 	21 	22 	5 	9 	15 	24 	8 	18 	19 	11 	16 	1 	20 	6 	14 	0
IvT 	 dot-jump 	 False 	 50 	 circle 	 1024 	 768 	 1.16079767166 	 44.445 	 66.667 	 13 	 0.0 	 -5.80398835832 	 5.80398835832 	 0.0 	 0.414011028359 	 -5.45741810109 	 False 	 6 	 12 	22 	5 	9 	15 	11 	23 	13 	20 	18 	10 	1 	12 	19 	14 	21 	2 	7 	6 	8 	24 	3 	4 	17 	16 	0
IvT 	 dot-jump 	 False 	 51 	 circle 	 1024 	 768 	 1.16079767166 	 44.445 	 66.667 	 22 	 4.10403952609 	 4.10403952609 	 -5.02640136157 	 2.90199417916 	 3.72609925523 	 3.80137398766 	 False 	 6 	 11 	23 	18 	7 	20 	2 	10 	22 	24 	8 	21 	13 	5 	3 	4 	9 	1 	15 	17 	19 	16 	11 	14 	6 	12 	0
IvT 	 dot-jump 	 False 	 52 	 circle 	 1024 	 768 	 1.16079767166 	 44.445 	 66.667 	 4 	 -4.10403952609 	 4.10403952609 	 -4.10403952609 	 -4.10403952609 	 -4.89285760787 	 4.51648394573 	 False 	 19 	 15 	22 	23 	18 	6 	8 	7 	24 	9 	1 	20 	21 	13 	11 	5 	3 	10 	16 	19 	17 	4 	12 	14 	2 	15 	0
IvT 	 dot-jump 	 False 	 53 	 circle 	 1024 	 768 	 1.16079767166 	 44.445 	 66.667 	 21 	 5.02640136157 	 2.90199417916 	 0.0 	 -5.80398835832 	 5.15631917138 	 3.31208822687 	 False 	 8 	 13 	2 	4 	18 	3 	14 	17 	6 	9 	21 	1 	16 	15 	8 	13 	7 	12 	20 	11 	22 	5 	24 	23 	10 	19 	0
IvT 	 dot-jump 	 False 	 54 	 circle 	 1024 	 768 	 1.16079767166 	 44.445 	 66.667 	 4 	 -4.10403952609 	 4.10403952609 	 -4.10403952609 	 4.10403952609 	 -4.74230814302 	 3.87664872009 	 True 	 13 	 13 	2 	6 	19 	16 	7 	24 	23 	13 	10 	22 	12 	21 	20 	4 	5 	3 	8 	1 	18 	9 	11 	14 	17 	15 	0
IvT 	 dot-jump 	 False 	 55 	 circle 	 1024 	 768 	 1.16079767166 	 44.445 	 66.667 	 11 	 -2.90199417916 	 -5.02640136157 	 1.50218272469 	 -5.60622225078 	 -2.74752773365 	 -5.11868180516 	 False 	 13 	 12 	23 	1 	16 	9 	15 	13 	21 	18 	24 	12 	10 	6 	14 	11 	19 	20 	17 	2 	7 	8 	3 	5 	22 	4 	0
IvT 	 dot-jump 	 False 	 56 	 circle 	 1024 	 768 	 1.16079767166 	 44.445 	 66.667 	 17 	 5.02640136157 	 -2.90199417916 	 0.0 	 -5.80398835832 	 5.45741810109 	 -3.1239013958 	 False 	 12 	 11 	8 	7 	14 	15 	23 	2 	22 	24 	3 	18 	5 	13 	17 	12 	16 	4 	21 	19 	10 	9 	6 	11 	1 	20 	0
IvT 	 dot-jump 	 False 	 57 	 circle 	 1024 	 768 	 1.16079767166 	 44.445 	 66.667 	 6 	 -5.60622225078 	 1.50218272469 	 -5.02640136157 	 2.90199417916 	 -5.94670386188 	 1.65604411343 	 False 	 3 	 15 	17 	12 	8 	6 	3 	22 	14 	18 	1 	9 	11 	10 	16 	2 	13 	5 	4 	7 	20 	15 	21 	24 	19 	23 	0
IvT 	 dot-jump 	 False 	 58 	 circle 	 1024 	 768 	 1.16079767166 	 44.445 	 66.667 	 5 	 -5.02640136157 	 2.90199417916 	 1.50218272469 	 -5.60622225078 	 -5.11868180516 	 2.37115407151 	 False 	 13 	 14 	16 	2 	1 	21 	18 	4 	7 	19 	12 	3 	22 	11 	24 	5 	14 	23 	15 	20 	6 	8 	9 	17 	10 	13 	0
IvT 	 dot-jump 	 False 	 59 	 circle 	 1024 	 768 	 1.16079767166 	 44.445 	 66.667 	 6 	 -5.60622225078 	 1.50218272469 	 2.90199417916 	 -5.02640136157 	 -5.83379176324 	 1.39258254993 	 False 	 6 	 10 	7 	17 	1 	9 	3 	22 	6 	12 	2 	19 	15 	23 	24 	5 	20 	8 	16 	13 	10 	21 	18 	4 	11 	14 	0
IvT 	 dot-jump 	 False 	 60 	 circle 	 1024 	 768 	 1.16079767166 	 44.445 	 66.667 	 22 	 4.10403952609 	 4.10403952609 	 4.10403952609 	 4.10403952609 	 4.02719818494 	 4.14011028359 	 True 	 8 	 8 	4 	5 	20 	11 	23 	14 	3 	8 	22 	13 	18 	19 	15 	9 	24 	7 	1 	2 	21 	12 	17 	16 	6 	10 	0
IvT 	 dot-jump 	 False 	 61 	 circle 	 1024 	 768 	 1.16079767166 	 44.445 	 66.667 	 19 	 5.80398835832 	 0.0 	 -4.10403952609 	 -4.10403952609 	 5.68324229838 	 -0.225824197287 	 False 	 6 	 9 	23 	13 	24 	17 	16 	11 	19 	6 	9 	10 	20 	2 	18 	5 	8 	1 	3 	4 	21 	12 	15 	7 	14 	22 	0
IvT 	 dot-jump 	 False 	 62 	 circle 	 1024 	 768 	 1.16079767166 	 44.445 	 66.667 	 22 	 4.10403952609 	 4.10403952609 	 -5.80398835832 	 0.0 	 3.95192345251 	 4.47884657952 	 False 	 21 	 16 	4 	9 	3 	6 	11 	19 	8 	18 	17 	12 	15 	2 	5 	21 	1 	10 	7 	23 	24 	13 	16 	22 	20 	14 	0
IvT 	 dot-jump 	 False 	 63 	 circle 	 1024 	 768 	 1.16079767166 	 44.445 	 66.667 	 8 	 -5.60622225078 	 -1.50218272469 	 5.60622225078 	 -1.50218272469 	 -5.34450600245 	 -1.91950567694 	 False 	 9 	 12 	4 	13 	5 	12 	3 	16 	17 	20 	22 	8 	15 	1 	18 	23 	11 	19 	2 	24 	7 	14 	9 	6 	21 	10 	0
IvT 	 dot-jump 	 False 	 64 	 circle 	 1024 	 768 	 1.16079767166 	 44.445 	 66.667 	 22 	 4.10403952609 	 4.10403952609 	 4.10403952609 	 -4.10403952609 	 3.9142860863 	 4.40357184709 	 False 	 21 	 15 	7 	6 	11 	20 	4 	10 	12 	13 	2 	23 	9 	14 	21 	15 	1 	16 	24 	5 	19 	17 	8 	22 	18 	3 	0
IvT 	 dot-jump 	 False 	 65 	 circle 	 1024 	 768 	 1.16079767166 	 44.445 	 66.667 	 12 	 -1.50218272469 	 -5.60622225078 	 0.0 	 5.80398835832 	 -1.65604411343 	 -5.34450600245 	 False 	 17 	 9 	10 	21 	8 	6 	24 	14 	16 	2 	13 	1 	18 	23 	4 	9 	3 	5 	17 	12 	22 	15 	7 	19 	20 	11 	0
IvT 	 dot-jump 	 False 	 66 	 circle 	 1024 	 768 	 1.16079767166 	 44.445 	 66.667 	 15 	 2.90199417916 	 -5.02640136157 	 -5.60622225078 	 1.50218272469 	 3.50027505794 	 -4.85522024166 	 False 	 18 	 8 	23 	18 	20 	12 	14 	11 	3 	16 	6 	1 	9 	7 	4 	21 	2 	17 	24 	19 	15 	13 	5 	8 	10 	22 	0
IvT 	 dot-jump 	 False 	 67 	 circle 	 1024 	 768 	 1.16079767166 	 44.445 	 66.667 	 5 	 -5.02640136157 	 2.90199417916 	 5.60622225078 	 -1.50218272469 	 -5.57033019973 	 2.93571456472 	 False 	 23 	 13 	4 	7 	24 	22 	9 	15 	8 	12 	16 	10 	6 	19 	17 	18 	11 	2 	13 	21 	14 	1 	20 	23 	3 	5 	0
IvT 	 dot-jump 	 False 	 68 	 circle 	 1024 	 768 	 1.16079767166 	 44.445 	 66.667 	 5 	 -5.02640136157 	 2.90199417916 	 -5.60622225078 	 1.50218272469 	 -5.2315939038 	 2.5969782688 	 False 	 0 	 11 	5 	21 	17 	15 	7 	14 	22 	19 	8 	2 	4 	6 	11 	12 	18 	10 	23 	9 	3 	24 	20 	16 	1 	13 	0
IvT 	 dot-jump 	 False 	 69 	 circle 	 1024 	 768 	 1.16079767166 	 44.445 	 66.667 	 5 	 -5.02640136157 	 2.90199417916 	 4.10403952609 	 4.10403952609 	 -4.47884657952 	 2.97335193094 	 False 	 10 	 16 	17 	8 	12 	20 	11 	4 	24 	3 	6 	16 	5 	13 	15 	14 	23 	21 	22 	2 	1 	7 	19 	10 	18 	9 	0
IvT 	 dot-jump 	 False 	 70 	 circle 	 1024 	 768 	 1.16079767166 	 44.445 	 66.667 	 10 	 -4.10403952609 	 -4.10403952609 	 -1.50218272469 	 -5.60622225078 	 -3.98956081873 	 -4.36593448087 	 False 	 16 	 14 	19 	7 	15 	21 	11 	20 	17 	6 	22 	18 	13 	8 	5 	14 	12 	1 	10 	23 	16 	4 	3 	9 	2 	24 	0
IvT 	 dot-jump 	 False 	 71 	 circle 	 1024 	 768 	 1.16079767166 	 44.445 	 66.667 	 22 	 4.10403952609 	 4.10403952609 	 5.02640136157 	 -2.90199417916 	 4.66703341059 	 4.21538501602 	 False 	 0 	 10 	22 	3 	5 	14 	1 	11 	8 	7 	10 	13 	17 	23 	21 	15 	9 	4 	24 	19 	20 	18 	12 	2 	16 	6 	0
IvT 	 dot-jump 	 False 	 72 	 circle 	 1024 	 768 	 1.16079767166 	 44.445 	 66.667 	 22 	 4.10403952609 	 4.10403952609 	 1.50218272469 	 5.60622225078 	 3.61318715658 	 3.76373662144 	 False 	 9 	 12 	16 	6 	7 	19 	3 	20 	9 	23 	18 	22 	4 	13 	24 	14 	15 	11 	1 	17 	8 	2 	21 	12 	10 	5 	0
IvT 	 dot-jump 	 False 	 73 	 circle 	 1024 	 768 	 1.16079767166 	 44.445 	 66.667 	 8 	 -5.60622225078 	 -1.50218272469 	 -5.80398835832 	 0.0 	 -5.00576970652 	 -1.73131884586 	 False 	 1 	 14 	10 	8 	17 	14 	24 	11 	6 	20 	12 	16 	18 	1 	5 	2 	7 	22 	21 	3 	13 	4 	15 	19 	9 	23 	0
IvT 	 dot-jump 	 False 	 74 	 circle 	 1024 	 768 	 1.16079767166 	 44.445 	 66.667 	 5 	 -5.02640136157 	 2.90199417916 	 -5.80398835832 	 0.0 	 -5.53269283352 	 2.67225300122 	 False 	 3 	 9 	20 	4 	12 	5 	17 	22 	6 	10 	23 	7 	11 	18 	8 	3 	21 	2 	15 	1 	14 	19 	9 	24 	13 	16 	0
IvT 	 dot-jump 	 False 	 75 	 circle 	 1024 	 768 	 1.16079767166 	 44.445 	 66.667 	 5 	 -5.02640136157 	 2.90199417916 	 1.50218272469 	 -5.60622225078 	 -4.74230814302 	 2.52170353637 	 False 	 18 	 16 	8 	3 	20 	1 	9 	16 	19 	12 	24 	17 	10 	23 	2 	22 	13 	6 	14 	4 	5 	7 	15 	18 	11 	21 	0
IvT 	 dot-jump 	 False 	 76 	 circle 	 1024 	 768 	 1.16079767166 	 44.445 	 66.667 	 4 	 -4.10403952609 	 4.10403952609 	 -2.90199417916 	 5.02640136157 	 -4.06483555116 	 4.10247291737 	 False 	 0 	 11 	4 	17 	20 	16 	9 	5 	15 	10 	12 	18 	11 	3 	22 	14 	8 	23 	2 	6 	19 	21 	13 	24 	1 	7 	0
IvT 	 dot-jump 	 False 	 77 	 circle 	 1024 	 768 	 1.16079767166 	 44.445 	 66.667 	 22 	 4.10403952609 	 4.10403952609 	 5.02640136157 	 -2.90199417916 	 3.87664872009 	 4.25302238223 	 False 	 4 	 13 	1 	24 	15 	20 	22 	14 	8 	9 	4 	19 	11 	23 	6 	17 	18 	16 	7 	5 	2 	13 	12 	21 	3 	10 	0
IvT 	 dot-jump 	 False 	 78 	 circle 	 1024 	 768 	 1.16079767166 	 44.445 	 66.667 	 4 	 -4.10403952609 	 4.10403952609 	 -1.50218272469 	 5.60622225078 	 -4.40357184709 	 4.14011028359 	 False 	 14 	 15 	12 	11 	13 	6 	21 	5 	10 	1 	9 	8 	23 	24 	18 	20 	4 	2 	19 	15 	3 	14 	22 	17 	7 	16 	0
IvT 	 dot-jump 	 False 	 79 	 circle 	 1024 	 768 	 1.16079767166 	 44.445 	 66.667 	 21 	 5.02640136157 	 2.90199417916 	 -4.10403952609 	 4.10403952609 	 4.85522024166 	 2.55934090258 	 False 	 2 	 8 	11 	15 	21 	1 	7 	18 	16 	12 	4 	22 	9 	5 	20 	8 	23 	10 	13 	24 	14 	17 	3 	6 	19 	2 	0
IvT 	 dot-jump 	 False 	 80 	 circle 	 1024 	 768 	 1.16079767166 	 44.445 	 66.667 	 22 	 4.10403952609 	 4.10403952609 	 -2.90199417916 	 -5.02640136157 	 4.59175867816 	 3.9142860863 	 False 	 0 	 10 	22 	7 	8 	3 	2 	4 	5 	6 	10 	23 	11 	16 	21 	17 	19 	20 	1 	24 	13 	14 	15 	18 	9 	12 	0
IvT 	 dot-jump 	 False 	 81 	 circle 	 1024 	 768 	 1.16079767166 	 44.445 	 66.667 	 22 	 4.10403952609 	 4.10403952609 	 1.50218272469 	 5.60622225078 	 3.72609925523 	 3.9142860863 	 False 	 1 	 13 	6 	22 	13 	1 	20 	19 	3 	14 	15 	10 	11 	8 	12 	24 	5 	9 	18 	16 	17 	7 	23 	21 	4 	2 	0
IvT 	 dot-jump 	 False 	 82 	 circle 	 1024 	 768 	 1.16079767166 	 44.445 	 66.667 	 20 	 5.60622225078 	 1.50218272469 	 -1.50218272469 	 5.60622225078 	 5.60796756595 	 1.12912098643 	 False 	 4 	 16 	4 	13 	15 	24 	20 	21 	17 	16 	8 	7 	14 	3 	22 	12 	5 	11 	2 	19 	10 	23 	9 	1 	6 	18 	0
IvT 	 dot-jump 	 False 	 83 	 circle 	 1024 	 768 	 1.16079767166 	 44.445 	 66.667 	 4 	 -4.10403952609 	 4.10403952609 	 -1.50218272469 	 5.60622225078 	 -4.14011028359 	 3.72609925523 	 False 	 22 	 11 	6 	11 	19 	9 	1 	24 	23 	22 	18 	10 	21 	2 	3 	12 	7 	16 	15 	13 	17 	5 	8 	20 	4 	14 	0
IvT 	 dot-jump 	 False 	 84 	 circle 	 1024 	 768 	 1.16079767166 	 44.445 	 66.667 	 10 	 -4.10403952609 	 -4.10403952609 	 5.80398835832 	 0.0 	 -3.46263769173 	 -4.1777476498 	 False 	 4 	 15 	2 	23 	4 	6 	10 	16 	14 	3 	17 	11 	13 	20 	12 	24 	9 	19 	1 	21 	8 	7 	5 	15 	18 	22 	0
IvT 	 dot-jump 	 False 	 85 	 circle 	 1024 	 768 	 1.16079767166 	 44.445 	 66.667 	 6 	 -5.60622225078 	 1.50218272469 	 2.90199417916 	 -5.02640136157 	 -5.41978073488 	 1.35494518372 	 False 	 10 	 8 	13 	5 	7 	20 	3 	1 	11 	23 	15 	18 	6 	19 	16 	9 	24 	12 	22 	8 	14 	17 	4 	10 	21 	2 	0
IvT 	 dot-jump 	 False 	 86 	 circle 	 1024 	 768 	 1.16079767166 	 44.445 	 66.667 	 10 	 -4.10403952609 	 -4.10403952609 	 5.02640136157 	 -2.90199417916 	 -4.1777476498 	 -3.9142860863 	 False 	 16 	 9 	5 	15 	24 	7 	2 	18 	3 	13 	4 	17 	23 	19 	14 	8 	22 	1 	10 	11 	21 	20 	6 	16 	9 	12 	0
IvT 	 dot-jump 	 False 	 87 	 circle 	 1024 	 768 	 1.16079767166 	 44.445 	 66.667 	 10 	 -4.10403952609 	 -4.10403952609 	 -5.60622225078 	 -1.50218272469 	 -3.95192345251 	 -3.95192345251 	 False 	 20 	 10 	17 	11 	1 	7 	19 	2 	22 	18 	16 	9 	8 	21 	24 	13 	14 	12 	3 	20 	5 	4 	10 	6 	23 	15 	0
IvT 	 dot-jump 	 False 	 88 	 circle 	 1024 	 768 	 1.16079767166 	 44.445 	 66.667 	 4 	 -4.10403952609 	 4.10403952609 	 5.60622225078 	 1.50218272469 	 -4.1777476498 	 4.25302238223 	 False 	 8 	 12 	11 	14 	15 	2 	22 	6 	10 	13 	4 	9 	21 	1 	20 	3 	18 	5 	23 	8 	17 	12 	16 	19 	7 	24 	0
IvT 	 dot-jump 	 False 	 89 	 circle 	 1024 	 768 	 1.16079767166 	 44.445 	 66.667 	 22 	 4.10403952609 	 4.10403952609 	 5.80398835832 	 0.0 	 4.14011028359 	 3.57554979037 	 False 	 2 	 14 	8 	17 	22 	9 	10 	14 	2 	1 	5 	16 	12 	7 	15 	20 	19 	11 	24 	18 	23 	21 	4 	3 	6 	13 	0
IvT 	 dot-jump 	 False 	 90 	 circle 	 1024 	 768 	 1.16079767166 	 44.445 	 66.667 	 22 	 4.10403952609 	 4.10403952609 	 4.10403952609 	 4.10403952609 	 3.76373662144 	 3.80137398766 	 True 	 16 	 16 	20 	14 	3 	8 	15 	23 	13 	19 	16 	10 	6 	9 	2 	1 	4 	21 	22 	7 	24 	17 	12 	5 	18 	11 	0
IvT 	 dot-jump 	 False 	 91 	 circle 	 1024 	 768 	 1.16079767166 	 44.445 	 66.667 	 5 	 -5.02640136157 	 2.90199417916 	 -5.02640136157 	 -2.90199417916 	 -4.62939604437 	 2.63461563501 	 False 	 20 	 14 	15 	23 	4 	18 	24 	7 	3 	21 	14 	11 	17 	19 	13 	1 	9 	12 	6 	8 	2 	16 	5 	22 	10 	20 	0
IvT 	 dot-jump 	 False 	 92 	 circle 	 1024 	 768 	 1.16079767166 	 44.445 	 66.667 	 22 	 4.10403952609 	 4.10403952609 	 -5.80398835832 	 0.0 	 4.1777476498 	 4.10247291737 	 False 	 23 	 9 	11 	4 	15 	16 	19 	9 	1 	8 	5 	7 	17 	3 	21 	20 	2 	12 	23 	6 	10 	14 	18 	13 	24 	22 	0
IvT 	 dot-jump 	 False 	 93 	 circle 	 1024 	 768 	 1.16079767166 	 44.445 	 66.667 	 5 	 -5.02640136157 	 2.90199417916 	 2.90199417916 	 -5.02640136157 	 -4.66703341059 	 3.04862666337 	 False 	 11 	 8 	22 	11 	1 	2 	6 	21 	14 	19 	15 	18 	10 	5 	8 	13 	9 	3 	4 	17 	23 	20 	24 	12 	7 	16 	0
IvT 	 dot-jump 	 False 	 94 	 circle 	 1024 	 768 	 1.16079767166 	 44.445 	 66.667 	 10 	 -4.10403952609 	 -4.10403952609 	 -1.50218272469 	 5.60622225078 	 -3.98956081873 	 -4.1777476498 	 False 	 23 	 12 	17 	13 	9 	4 	16 	3 	19 	15 	18 	6 	11 	14 	2 	12 	20 	7 	8 	21 	1 	23 	22 	24 	5 	10 	0
IvT 	 dot-jump 	 False 	 95 	 circle 	 1024 	 768 	 1.16079767166 	 44.445 	 66.667 	 11 	 -2.90199417916 	 -5.02640136157 	 0.0 	 5.80398835832 	 -2.52170353637 	 -4.74230814302 	 False 	 21 	 15 	19 	24 	18 	4 	10 	21 	7 	12 	13 	20 	23 	15 	17 	9 	2 	1 	8 	6 	14 	5 	22 	11 	3 	16 	0
IvT 	 dot-jump 	 False 	 96 	 circle 	 1024 	 768 	 1.16079767166 	 44.445 	 66.667 	 5 	 -5.02640136157 	 2.90199417916 	 -1.50218272469 	 -5.60622225078 	 -5.11868180516 	 2.93571456472 	 False 	 4 	 13 	7 	1 	22 	11 	5 	3 	24 	21 	10 	9 	17 	14 	8 	12 	19 	2 	16 	15 	23 	6 	13 	20 	18 	4 	0
IvT 	 dot-jump 	 False 	 97 	 circle 	 1024 	 768 	 1.16079767166 	 44.445 	 66.667 	 5 	 -5.02640136157 	 2.90199417916 	 -2.90199417916 	 5.02640136157 	 -4.36593448087 	 3.01098929715 	 False 	 19 	 11 	1 	21 	23 	11 	22 	24 	17 	13 	16 	7 	9 	3 	10 	19 	20 	18 	2 	15 	4 	5 	8 	6 	12 	14 	0
IvT 	 dot-jump 	 False 	 98 	 circle 	 1024 	 768 	 1.16079767166 	 44.445 	 66.667 	 3 	 -2.90199417916 	 5.02640136157 	 -1.50218272469 	 5.60622225078 	 -3.16153876201 	 4.85522024166 	 False 	 18 	 10 	18 	19 	15 	21 	6 	1 	7 	17 	9 	22 	2 	13 	10 	11 	12 	4 	14 	23 	3 	8 	5 	16 	24 	20 	0
IvT 	 dot-jump 	 False 	 99 	 circle 	 1024 	 768 	 1.16079767166 	 44.445 	 66.667 	 9 	 -5.02640136157 	 -2.90199417916 	 2.90199417916 	 5.02640136157 	 -4.9681323403 	 -3.31208822687 	 False 	 5 	 12 	15 	11 	3 	5 	18 	9 	12 	8 	19 	7 	13 	21 	23 	22 	20 	17 	24 	1 	4 	14 	2 	16 	6 	10 	0
IvT 	 dot-jump 	 False 	 100 	 circle 	 1024 	 768 	 1.16079767166 	 44.445 	 66.667 	 17 	 5.02640136157 	 -2.90199417916 	 5.60622225078 	 1.50218272469 	 4.66703341059 	 -3.1239013958 	 False 	 21 	 8 	18 	8 	14 	6 	5 	10 	7 	12 	20 	23 	16 	15 	11 	13 	2 	21 	22 	9 	3 	4 	1 	17 	19 	24 	0
IvT 	 dot-jump 	 False 	 101 	 circle 	 1024 	 768 	 1.16079767166 	 44.445 	 66.667 	 9 	 -5.02640136157 	 -2.90199417916 	 5.60622225078 	 -1.50218272469 	 -4.55412131195 	 -2.70989036744 	 False 	 1 	 16 	21 	9 	7 	14 	5 	19 	24 	16 	10 	12 	4 	8 	22 	23 	20 	11 	18 	2 	17 	15 	1 	6 	13 	3 	0
IvT 	 dot-jump 	 False 	 102 	 circle 	 1024 	 768 	 1.16079767166 	 44.445 	 66.667 	 10 	 -4.10403952609 	 -4.10403952609 	 -2.90199417916 	 -5.02640136157 	 -3.68846188901 	 -3.9142860863 	 False 	 5 	 15 	7 	5 	22 	4 	14 	10 	17 	15 	24 	6 	13 	12 	8 	20 	21 	11 	23 	3 	2 	9 	18 	19 	1 	16 	0
IvT 	 dot-jump 	 False 	 103 	 circle 	 1024 	 768 	 1.16079767166 	 44.445 	 66.667 	 22 	 4.10403952609 	 4.10403952609 	 -5.80398835832 	 0.0 	 4.25302238223 	 3.72609925523 	 False 	 23 	 14 	11 	8 	23 	9 	4 	17 	24 	5 	14 	1 	10 	16 	15 	21 	7 	6 	12 	3 	18 	20 	2 	19 	13 	22 	0
IvT 	 dot-jump 	 False 	 104 	 circle 	 1024 	 768 	 1.16079767166 	 44.445 	 66.667 	 10 	 -4.10403952609 	 -4.10403952609 	 2.90199417916 	 -5.02640136157 	 -4.40357184709 	 -4.29065974844 	 False 	 21 	 9 	20 	6 	11 	2 	17 	24 	4 	12 	19 	15 	9 	22 	7 	8 	23 	13 	1 	5 	18 	3 	21 	10 	14 	16 	0
IvT 	 dot-jump 	 False 	 105 	 circle 	 1024 	 768 	 1.16079767166 	 44.445 	 66.667 	 23 	 2.90199417916 	 5.02640136157 	 -1.50218272469 	 5.60622225078 	 3.46263769173 	 5.11868180516 	 False 	 12 	 10 	16 	10 	17 	21 	20 	5 	24 	22 	12 	1 	2 	9 	23 	7 	15 	14 	4 	19 	18 	3 	6 	13 	8 	11 	0
IvT 	 dot-jump 	 False 	 106 	 circle 	 1024 	 768 	 1.16079767166 	 44.445 	 66.667 	 9 	 -5.02640136157 	 -2.90199417916 	 -5.02640136157 	 -2.90199417916 	 -5.00576970652 	 -3.53791242416 	 True 	 11 	 11 	2 	14 	15 	6 	19 	16 	4 	12 	17 	10 	3 	9 	23 	24 	22 	5 	7 	13 	1 	11 	21 	20 	8 	18 	0
IvT 	 dot-jump 	 False 	 107 	 circle 	 1024 	 768 	 1.16079767166 	 44.445 	 66.667 	 13 	 0.0 	 -5.80398835832 	 -1.50218272469 	 5.60622225078 	 0.0752747324288 	 -5.53269283352 	 False 	 16 	 13 	18 	21 	20 	7 	4 	14 	6 	11 	16 	23 	12 	24 	17 	2 	8 	1 	13 	22 	5 	19 	9 	10 	3 	15 	0
IvT 	 dot-jump 	 False 	 108 	 circle 	 1024 	 768 	 1.16079767166 	 44.445 	 66.667 	 4 	 -4.10403952609 	 4.10403952609 	 4.10403952609 	 -4.10403952609 	 -3.50027505794 	 4.1777476498 	 False 	 15 	 13 	14 	5 	3 	6 	24 	8 	23 	21 	22 	10 	2 	1 	17 	16 	12 	4 	18 	11 	9 	13 	7 	15 	20 	19 	0
IvT 	 dot-jump 	 False 	 109 	 circle 	 1024 	 768 	 1.16079767166 	 44.445 	 66.667 	 4 	 -4.10403952609 	 4.10403952609 	 5.80398835832 	 0.0 	 -3.46263769173 	 3.80137398766 	 False 	 8 	 16 	15 	10 	8 	3 	18 	17 	6 	11 	4 	13 	22 	23 	9 	24 	1 	5 	19 	14 	2 	12 	7 	20 	16 	21 	0
IvT 	 dot-jump 	 False 	 110 	 circle 	 1024 	 768 	 1.16079767166 	 44.445 	 66.667 	 5 	 -5.02640136157 	 2.90199417916 	 5.60622225078 	 1.50218272469 	 -5.45741810109 	 3.04862666337 	 False 	 23 	 14 	8 	6 	12 	24 	19 	15 	23 	16 	7 	10 	3 	2 	1 	21 	20 	17 	14 	4 	9 	22 	13 	11 	18 	5 	0
IvT 	 dot-jump 	 False 	 111 	 circle 	 1024 	 768 	 1.16079767166 	 44.445 	 66.667 	 4 	 -4.10403952609 	 4.10403952609 	 -5.60622225078 	 1.50218272469 	 -3.95192345251 	 3.57554979037 	 False 	 23 	 10 	5 	7 	14 	21 	16 	23 	9 	17 	19 	24 	6 	22 	2 	3 	15 	8 	18 	12 	20 	11 	1 	10 	13 	4 	0
IvT 	 dot-jump 	 False 	 112 	 circle 	 1024 	 768 	 1.16079767166 	 44.445 	 66.667 	 23 	 2.90199417916 	 5.02640136157 	 -4.10403952609 	 -4.10403952609 	 3.31208822687 	 4.89285760787 	 False 	 5 	 12 	6 	21 	14 	16 	4 	23 	20 	12 	8 	11 	15 	3 	10 	1 	13 	7 	22 	18 	5 	9 	17 	24 	19 	2 	0
IvT 	 dot-jump 	 False 	 113 	 circle 	 1024 	 768 	 1.16079767166 	 44.445 	 66.667 	 22 	 4.10403952609 	 4.10403952609 	 0.0 	 -5.80398835832 	 4.21538501602 	 3.57554979037 	 False 	 19 	 9 	7 	24 	19 	15 	3 	4 	10 	11 	9 	13 	14 	8 	21 	6 	16 	20 	23 	17 	2 	22 	12 	1 	18 	5 	0
IvT 	 dot-jump 	 False 	 114 	 circle 	 1024 	 768 	 1.16079767166 	 44.445 	 66.667 	 4 	 -4.10403952609 	 4.10403952609 	 -5.02640136157 	 2.90199417916 	 -4.47884657952 	 3.95192345251 	 False 	 2 	 11 	17 	22 	4 	21 	14 	3 	11 	6 	12 	18 	16 	5 	15 	1 	24 	23 	2 	7 	8 	13 	19 	9 	10 	20 	0
IvT 	 dot-jump 	 False 	 115 	 circle 	 1024 	 768 	 1.16079767166 	 44.445 	 66.667 	 22 	 4.10403952609 	 4.10403952609 	 -4.10403952609 	 4.10403952609 	 4.32829711466 	 3.95192345251 	 False 	 17 	 15 	21 	2 	7 	17 	14 	23 	3 	20 	18 	6 	11 	1 	8 	19 	12 	4 	10 	22 	24 	5 	15 	13 	16 	9 	0
IvT 	 dot-jump 	 False 	 116 	 circle 	 1024 	 768 	 1.16079767166 	 44.445 	 66.667 	 5 	 -5.02640136157 	 2.90199417916 	 -5.02640136157 	 -2.90199417916 	 -5.04340707273 	 2.74752773365 	 False 	 18 	 8 	21 	18 	8 	2 	10 	7 	12 	23 	9 	24 	3 	22 	20 	19 	15 	17 	14 	13 	5 	16 	11 	1 	4 	6 	0
IvT 	 dot-jump 	 False 	 117 	 circle 	 1024 	 768 	 1.16079767166 	 44.445 	 66.667 	 11 	 -2.90199417916 	 -5.02640136157 	 -4.10403952609 	 -4.10403952609 	 -2.89807719851 	 -5.15631917138 	 False 	 7 	 14 	5 	15 	6 	9 	14 	24 	1 	11 	21 	17 	12 	7 	20 	3 	10 	4 	19 	18 	2 	22 	8 	23 	16 	13 	0
IvT 	 dot-jump 	 False 	 118 	 circle 	 1024 	 768 	 1.16079767166 	 44.445 	 66.667 	 7 	 -5.80398835832 	 0.0 	 -5.80398835832 	 0.0 	 -5.75851703081 	 -0.0376373662144 	 True 	 16 	 16 	14 	3 	13 	20 	4 	17 	19 	12 	10 	18 	1 	9 	5 	23 	21 	15 	7 	24 	6 	2 	11 	16 	8 	22 	0
IvT 	 dot-jump 	 False 	 119 	 circle 	 1024 	 768 	 1.16079767166 	 44.445 	 66.667 	 14 	 1.50218272469 	 -5.60622225078 	 -1.50218272469 	 -5.60622225078 	 1.61840674722 	 -5.72087966459 	 False 	 9 	 8 	11 	17 	16 	13 	21 	19 	15 	22 	12 	14 	24 	1 	8 	3 	5 	10 	18 	6 	7 	2 	23 	4 	20 	9 	0
IvT 	 dot-jump 	 False 	 120 	 circle 	 1024 	 768 	 1.16079767166 	 44.445 	 66.667 	 15 	 2.90199417916 	 -5.02640136157 	 -2.90199417916 	 5.02640136157 	 2.5969782688 	 -4.9681323403 	 False 	 1 	 13 	16 	15 	10 	23 	5 	13 	4 	20 	24 	12 	6 	11 	14 	3 	7 	8 	21 	19 	22 	9 	1 	2 	17 	18 	0
IvT 	 dot-jump 	 False 	 121 	 circle 	 1024 	 768 	 1.16079767166 	 44.445 	 66.667 	 7 	 -5.80398835832 	 0.0 	 -1.50218272469 	 5.60622225078 	 -6.02197859431 	 -0.112912098643 	 False 	 18 	 15 	23 	1 	22 	12 	5 	16 	18 	13 	14 	3 	20 	19 	4 	11 	8 	2 	9 	15 	7 	17 	24 	10 	21 	6 	0
IvT 	 dot-jump 	 False 	 122 	 circle 	 1024 	 768 	 1.16079767166 	 44.445 	 66.667 	 5 	 -5.02640136157 	 2.90199417916 	 0.0 	 -5.80398835832 	 -5.30686863623 	 2.82280246608 	 False 	 16 	 9 	6 	8 	20 	11 	17 	18 	23 	24 	3 	13 	15 	7 	1 	4 	9 	14 	5 	19 	2 	10 	21 	22 	12 	16 	0
IvT 	 dot-jump 	 False 	 123 	 circle 	 1024 	 768 	 1.16079767166 	 44.445 	 66.667 	 5 	 -5.02640136157 	 2.90199417916 	 2.90199417916 	 -5.02640136157 	 -4.59175867816 	 3.16153876201 	 False 	 14 	 10 	18 	9 	1 	7 	23 	22 	17 	20 	13 	6 	15 	4 	12 	14 	5 	16 	11 	10 	21 	24 	8 	2 	3 	19 	0
IvT 	 dot-jump 	 False 	 124 	 circle 	 1024 	 768 	 1.16079767166 	 44.445 	 66.667 	 22 	 4.10403952609 	 4.10403952609 	 5.60622225078 	 1.50218272469 	 4.47884657952 	 3.76373662144 	 False 	 8 	 11 	4 	21 	12 	24 	9 	11 	15 	19 	22 	2 	7 	20 	14 	6 	23 	10 	8 	1 	17 	5 	13 	16 	18 	3 	0
IvT 	 dot-jump 	 False 	 125 	 circle 	 1024 	 768 	 1.16079767166 	 44.445 	 66.667 	 4 	 -4.10403952609 	 4.10403952609 	 5.80398835832 	 0.0 	 -3.9142860863 	 3.61318715658 	 False 	 11 	 12 	5 	16 	13 	6 	20 	21 	15 	9 	12 	1 	14 	4 	19 	23 	11 	22 	24 	10 	8 	2 	18 	7 	3 	17 	0
IvT 	 dot-jump 	 False 	 126 	 circle 	 1024 	 768 	 1.16079767166 	 44.445 	 66.667 	 16 	 4.10403952609 	 -4.10403952609 	 5.02640136157 	 -2.90199417916 	 4.51648394573 	 -4.40357184709 	 False 	 18 	 16 	11 	4 	5 	21 	23 	8 	3 	15 	1 	13 	7 	22 	10 	6 	12 	20 	17 	9 	16 	2 	24 	14 	18 	19 	0
IvT 	 dot-jump 	 False 	 127 	 circle 	 1024 	 768 	 1.16079767166 	 44.445 	 66.667 	 4 	 -4.10403952609 	 4.10403952609 	 -1.50218272469 	 5.60622225078 	 -4.40357184709 	 3.98956081873 	 False 	 10 	 11 	16 	8 	15 	10 	12 	1 	18 	11 	9 	20 	4 	2 	22 	21 	5 	7 	3 	24 	14 	13 	23 	19 	6 	17 	0
IvT 	 dot-jump 	 False 	 128 	 circle 	 1024 	 768 	 1.16079767166 	 44.445 	 66.667 	 13 	 0.0 	 -5.80398835832 	 0.0 	 -5.80398835832 	 -0.150549464858 	 -5.72087966459 	 True 	 10 	 10 	6 	12 	16 	1 	15 	20 	22 	17 	19 	3 	13 	23 	11 	24 	10 	9 	5 	21 	18 	14 	7 	4 	8 	2 	0
IvT 	 dot-jump 	 False 	 129 	 circle 	 1024 	 768 	 1.16079767166 	 44.445 	 66.667 	 11 	 -2.90199417916 	 -5.02640136157 	 -2.90199417916 	 -5.02640136157 	 -2.74752773365 	 -4.93049497409 	 True 	 13 	 13 	7 	18 	21 	6 	15 	9 	5 	22 	24 	12 	14 	1 	20 	11 	10 	17 	19 	23 	8 	16 	3 	13 	2 	4 	0
IvT 	 dot-jump 	 False 	 130 	 circle 	 1024 	 768 	 1.16079767166 	 44.445 	 66.667 	 11 	 -2.90199417916 	 -5.02640136157 	 -2.90199417916 	 -5.02640136157 	 -2.67225300122 	 -5.34450600245 	 True 	 12 	 12 	16 	23 	6 	22 	18 	19 	14 	10 	24 	17 	15 	8 	11 	12 	20 	3 	21 	4 	7 	1 	5 	2 	9 	13 	0
IvT 	 dot-jump 	 False 	 131 	 circle 	 1024 	 768 	 1.16079767166 	 44.445 	 66.667 	 22 	 4.10403952609 	 4.10403952609 	 0.0 	 -5.80398835832 	 3.98956081873 	 3.98956081873 	 False 	 16 	 15 	15 	1 	11 	16 	23 	12 	8 	17 	19 	9 	10 	21 	6 	2 	24 	13 	22 	18 	4 	5 	3 	20 	7 	14 	0
IvT 	 dot-jump 	 False 	 132 	 circle 	 1024 	 768 	 1.16079767166 	 44.445 	 66.667 	 5 	 -5.02640136157 	 2.90199417916 	 4.10403952609 	 4.10403952609 	 -5.08104443895 	 2.48406617015 	 False 	 10 	 8 	18 	23 	7 	19 	13 	20 	12 	3 	22 	4 	5 	21 	16 	9 	24 	10 	1 	8 	15 	17 	14 	2 	11 	6 	0
IvT 	 dot-jump 	 False 	 133 	 circle 	 1024 	 768 	 1.16079767166 	 44.445 	 66.667 	 8 	 -5.60622225078 	 -1.50218272469 	 -5.60622225078 	 1.50218272469 	 -5.38214336866 	 -1.35494518372 	 False 	 4 	 9 	9 	18 	22 	7 	8 	4 	10 	3 	2 	6 	11 	15 	14 	21 	23 	19 	16 	5 	12 	24 	13 	1 	17 	20 	0
IvT 	 dot-jump 	 False 	 134 	 circle 	 1024 	 768 	 1.16079767166 	 44.445 	 66.667 	 22 	 4.10403952609 	 4.10403952609 	 2.90199417916 	 5.02640136157 	 4.40357184709 	 4.47884657952 	 False 	 20 	 14 	1 	5 	9 	2 	14 	8 	19 	7 	10 	11 	17 	24 	12 	21 	23 	13 	18 	16 	20 	15 	22 	4 	3 	6 	0
IvT 	 dot-jump 	 False 	 135 	 circle 	 1024 	 768 	 1.16079767166 	 44.445 	 66.667 	 15 	 2.90199417916 	 -5.02640136157 	 0.0 	 -5.80398835832 	 3.23681349444 	 -5.45741810109 	 False 	 11 	 10 	20 	17 	18 	21 	23 	14 	8 	11 	22 	19 	13 	15 	9 	7 	6 	5 	1 	12 	16 	4 	10 	24 	3 	2 	0
IvT 	 dot-jump 	 False 	 136 	 circle 	 1024 	 768 	 1.16079767166 	 44.445 	 66.667 	 13 	 0.0 	 -5.80398835832 	 1.50218272469 	 -5.60622225078 	 -0.263461563501 	 -5.94670386188 	 False 	 19 	 16 	1 	24 	20 	5 	22 	18 	8 	4 	11 	17 	2 	7 	3 	9 	10 	16 	14 	12 	23 	13 	15 	19 	6 	21 	0
IvT 	 dot-jump 	 False 	 137 	 circle 	 1024 	 768 	 1.16079767166 	 44.445 	 66.667 	 1 	 0.0 	 5.80398835832 	 -5.80398835832 	 0.0 	 0.451648394573 	 5.87142912945 	 False 	 11 	 12 	6 	3 	23 	15 	12 	4 	5 	11 	22 	17 	18 	1 	7 	9 	24 	8 	20 	13 	21 	19 	14 	16 	10 	2 	0
IvT 	 dot-jump 	 False 	 138 	 circle 	 1024 	 768 	 1.16079767166 	 44.445 	 66.667 	 22 	 4.10403952609 	 4.10403952609 	 1.50218272469 	 -5.60622225078 	 4.47884657952 	 3.95192345251 	 False 	 14 	 15 	18 	23 	7 	15 	3 	17 	5 	11 	21 	20 	2 	6 	13 	16 	22 	14 	8 	12 	9 	4 	19 	24 	1 	10 	0
IvT 	 dot-jump 	 False 	 139 	 circle 	 1024 	 768 	 1.16079767166 	 44.445 	 66.667 	 6 	 -5.60622225078 	 1.50218272469 	 -2.90199417916 	 -5.02640136157 	 -5.57033019973 	 1.65604411343 	 False 	 22 	 8 	12 	4 	2 	13 	22 	17 	16 	9 	11 	23 	7 	18 	20 	19 	3 	5 	8 	1 	21 	15 	24 	10 	6 	14 	0
IvT 	 dot-jump 	 False 	 140 	 circle 	 1024 	 768 	 1.16079767166 	 44.445 	 66.667 	 13 	 0.0 	 -5.80398835832 	 -1.50218272469 	 -5.60622225078 	 -0.0376373662144 	 -5.72087966459 	 False 	 17 	 14 	16 	14 	4 	5 	19 	21 	6 	20 	24 	17 	10 	23 	15 	22 	12 	7 	18 	13 	11 	2 	3 	9 	1 	8 	0
IvT 	 dot-jump 	 False 	 141 	 circle 	 1024 	 768 	 1.16079767166 	 44.445 	 66.667 	 22 	 4.10403952609 	 4.10403952609 	 5.80398835832 	 0.0 	 4.21538501602 	 3.83901135387 	 False 	 12 	 11 	10 	12 	18 	24 	2 	8 	20 	17 	11 	5 	7 	19 	22 	16 	6 	13 	4 	9 	23 	3 	1 	14 	21 	15 	0
IvT 	 dot-jump 	 False 	 142 	 circle 	 1024 	 768 	 1.16079767166 	 44.445 	 66.667 	 13 	 0.0 	 -5.80398835832 	 1.50218272469 	 -5.60622225078 	 0.263461563501 	 -5.68324229838 	 False 	 4 	 13 	2 	17 	21 	18 	13 	4 	20 	16 	22 	11 	3 	9 	1 	14 	23 	8 	7 	15 	24 	5 	19 	10 	12 	6 	0
IvT 	 dot-jump 	 False 	 143 	 circle 	 1024 	 768 	 1.16079767166 	 44.445 	 66.667 	 19 	 5.80398835832 	 0.0 	 5.60622225078 	 1.50218272469 	 5.90906649566 	 -0.489285760787 	 False 	 10 	 9 	6 	17 	14 	16 	1 	15 	4 	11 	12 	20 	19 	8 	13 	18 	2 	7 	21 	22 	9 	10 	3 	23 	24 	5 	0
IvT 	 dot-jump 	 False 	 144 	 circle 	 1024 	 768 	 1.16079767166 	 44.445 	 66.667 	 13 	 0.0 	 -5.80398835832 	 1.50218272469 	 5.60622225078 	 -0.263461563501 	 -5.87142912945 	 False 	 10 	 8 	10 	1 	18 	21 	17 	3 	4 	9 	24 	2 	13 	5 	7 	11 	23 	19 	8 	16 	20 	14 	6 	12 	22 	15 	0
IvT 	 dot-jump 	 False 	 145 	 circle 	 1024 	 768 	 1.16079767166 	 44.445 	 66.667 	 8 	 -5.60622225078 	 -1.50218272469 	 1.50218272469 	 5.60622225078 	 -5.53269283352 	 -1.80659357829 	 False 	 8 	 14 	16 	6 	20 	18 	4 	2 	9 	23 	8 	3 	15 	12 	21 	13 	24 	7 	19 	10 	17 	22 	5 	14 	1 	11 	0
IvT 	 dot-jump 	 False 	 146 	 circle 	 1024 	 768 	 1.16079767166 	 44.445 	 66.667 	 13 	 0.0 	 -5.80398835832 	 4.10403952609 	 -4.10403952609 	 0.639835225645 	 -6.09725332674 	 False 	 9 	 11 	14 	6 	3 	18 	10 	11 	4 	17 	1 	13 	20 	16 	24 	7 	5 	21 	8 	9 	15 	2 	23 	12 	19 	22 	0
IvT 	 dot-jump 	 False 	 147 	 circle 	 1024 	 768 	 1.16079767166 	 44.445 	 66.667 	 4 	 -4.10403952609 	 4.10403952609 	 5.02640136157 	 -2.90199417916 	 -4.10247291737 	 4.36593448087 	 False 	 11 	 9 	9 	6 	11 	20 	22 	19 	5 	12 	10 	17 	3 	4 	7 	21 	1 	18 	14 	8 	13 	23 	16 	15 	24 	2 	0
IvT 	 dot-jump 	 False 	 148 	 circle 	 1024 	 768 	 1.16079767166 	 44.445 	 66.667 	 21 	 5.02640136157 	 2.90199417916 	 5.80398835832 	 0.0 	 5.2315939038 	 2.82280246608 	 False 	 16 	 13 	9 	12 	13 	18 	17 	16 	11 	3 	5 	7 	4 	23 	8 	19 	1 	2 	21 	24 	14 	15 	22 	20 	10 	6 	0
IvT 	 dot-jump 	 False 	 149 	 circle 	 1024 	 768 	 1.16079767166 	 44.445 	 66.667 	 5 	 -5.02640136157 	 2.90199417916 	 -4.10403952609 	 4.10403952609 	 -5.08104443895 	 2.78516509987 	 False 	 16 	 12 	14 	13 	23 	21 	2 	7 	24 	3 	11 	20 	17 	12 	4 	6 	15 	9 	5 	18 	19 	10 	1 	8 	16 	22 	0
IvT 	 dot-jump 	 False 	 150 	 circle 	 1024 	 768 	 1.16079767166 	 44.445 	 66.667 	 13 	 0.0 	 -5.80398835832 	 5.02640136157 	 -2.90199417916 	 -0.112912098643 	 -6.24780279159 	 False 	 20 	 16 	4 	3 	20 	16 	8 	2 	19 	22 	7 	11 	23 	9 	18 	14 	15 	6 	17 	1 	10 	21 	13 	12 	5 	24 	0
IvT 	 dot-jump 	 False 	 151 	 circle 	 1024 	 768 	 1.16079767166 	 44.445 	 66.667 	 1 	 0.0 	 5.80398835832 	 2.90199417916 	 5.02640136157 	 -0.112912098643 	 5.49505546731 	 False 	 14 	 10 	21 	3 	12 	18 	8 	9 	20 	24 	16 	14 	23 	2 	6 	7 	1 	11 	4 	22 	13 	5 	17 	15 	10 	19 	0
IvT 	 dot-jump 	 False 	 152 	 circle 	 1024 	 768 	 1.16079767166 	 44.445 	 66.667 	 22 	 4.10403952609 	 4.10403952609 	 -4.10403952609 	 -4.10403952609 	 4.36593448087 	 3.80137398766 	 False 	 11 	 15 	3 	1 	15 	19 	2 	24 	4 	5 	18 	6 	20 	22 	13 	23 	21 	10 	7 	14 	11 	9 	16 	8 	17 	12 	0
IvT 	 dot-jump 	 False 	 153 	 circle 	 1024 	 768 	 1.16079767166 	 44.445 	 66.667 	 21 	 5.02640136157 	 2.90199417916 	 5.60622225078 	 1.50218272469 	 4.85522024166 	 2.67225300122 	 False 	 21 	 13 	1 	15 	6 	23 	5 	18 	2 	19 	16 	14 	4 	22 	7 	20 	24 	12 	8 	10 	9 	3 	13 	21 	17 	11 	0
IvT 	 dot-jump 	 False 	 154 	 circle 	 1024 	 768 	 1.16079767166 	 44.445 	 66.667 	 3 	 -2.90199417916 	 5.02640136157 	 1.50218272469 	 -5.60622225078 	 -2.8604398323 	 5.2315939038 	 False 	 0 	 10 	3 	7 	9 	15 	17 	23 	10 	13 	12 	8 	14 	4 	24 	21 	5 	2 	20 	22 	6 	11 	18 	1 	19 	16 	0
IvT 	 dot-jump 	 False 	 155 	 circle 	 1024 	 768 	 1.16079767166 	 44.445 	 66.667 	 11 	 -2.90199417916 	 -5.02640136157 	 -4.10403952609 	 -4.10403952609 	 -2.44642880394 	 -5.64560493216 	 False 	 9 	 12 	6 	16 	24 	2 	1 	8 	15 	23 	3 	11 	12 	13 	10 	14 	21 	5 	18 	9 	19 	20 	17 	22 	4 	7 	0
IvT 	 dot-jump 	 False 	 156 	 circle 	 1024 	 768 	 1.16079767166 	 44.445 	 66.667 	 19 	 5.80398835832 	 0.0 	 5.80398835832 	 0.0 	 5.53269283352 	 0.0376373662144 	 True 	 15 	 15 	17 	5 	3 	14 	6 	15 	23 	21 	24 	22 	18 	13 	7 	16 	9 	19 	8 	4 	10 	1 	11 	2 	12 	20 	0
IvT 	 dot-jump 	 False 	 157 	 circle 	 1024 	 768 	 1.16079767166 	 44.445 	 66.667 	 5 	 -5.02640136157 	 2.90199417916 	 -5.60622225078 	 1.50218272469 	 -5.11868180516 	 3.19917612823 	 False 	 10 	 16 	11 	15 	7 	13 	18 	12 	22 	17 	4 	1 	5 	20 	16 	9 	14 	19 	6 	21 	8 	3 	10 	2 	23 	24 	0
IvT 	 dot-jump 	 False 	 158 	 circle 	 1024 	 768 	 1.16079767166 	 44.445 	 66.667 	 15 	 2.90199417916 	 -5.02640136157 	 0.0 	 5.80398835832 	 3.27445086065 	 -5.53269283352 	 False 	 7 	 9 	14 	17 	18 	19 	2 	21 	24 	15 	4 	1 	7 	16 	5 	22 	9 	12 	8 	3 	23 	6 	13 	10 	11 	20 	0
IvT 	 dot-jump 	 False 	 159 	 circle 	 1024 	 768 	 1.16079767166 	 44.445 	 66.667 	 21 	 5.02640136157 	 2.90199417916 	 -5.60622225078 	 1.50218272469 	 4.59175867816 	 3.01098929715 	 False 	 10 	 8 	11 	1 	5 	7 	14 	18 	13 	2 	6 	10 	21 	24 	17 	8 	16 	19 	4 	3 	20 	9 	12 	15 	22 	23 	0
IvT 	 dot-jump 	 False 	 160 	 circle 	 1024 	 768 	 1.16079767166 	 44.445 	 66.667 	 23 	 2.90199417916 	 5.02640136157 	 2.90199417916 	 5.02640136157 	 2.63461563501 	 4.7046707768 	 True 	 11 	 11 	22 	13 	16 	17 	24 	19 	11 	4 	2 	20 	18 	23 	5 	8 	9 	1 	14 	12 	7 	15 	6 	10 	21 	3 	0
IvT 	 dot-jump 	 False 	 161 	 circle 	 1024 	 768 	 1.16079767166 	 44.445 	 66.667 	 10 	 -4.10403952609 	 -4.10403952609 	 -4.10403952609 	 -4.10403952609 	 -4.14011028359 	 -4.1777476498 	 True 	 14 	 14 	22 	5 	6 	13 	4 	12 	24 	9 	7 	2 	3 	18 	16 	21 	10 	11 	8 	20 	14 	19 	1 	17 	15 	23 	0
IvT 	 dot-jump 	 False 	 162 	 circle 	 1024 	 768 	 1.16079767166 	 44.445 	 66.667 	 21 	 5.02640136157 	 2.90199417916 	 5.60622225078 	 -1.50218272469 	 5.75851703081 	 2.67225300122 	 False 	 22 	 14 	22 	19 	14 	17 	2 	10 	9 	13 	3 	8 	23 	1 	15 	4 	18 	16 	7 	20 	12 	11 	6 	24 	21 	5 	0
IvT 	 dot-jump 	 False 	 163 	 circle 	 1024 	 768 	 1.16079767166 	 44.445 	 66.667 	 14 	 1.50218272469 	 -5.60622225078 	 0.0 	 -5.80398835832 	 1.16675835265 	 -5.53269283352 	 False 	 11 	 16 	4 	11 	18 	8 	22 	24 	20 	21 	9 	7 	19 	14 	5 	16 	6 	15 	13 	12 	10 	1 	3 	2 	17 	23 	0
IvT 	 dot-jump 	 False 	 164 	 circle 	 1024 	 768 	 1.16079767166 	 44.445 	 66.667 	 14 	 1.50218272469 	 -5.60622225078 	 -4.10403952609 	 -4.10403952609 	 1.46785728236 	 -5.75851703081 	 False 	 17 	 10 	2 	22 	16 	19 	20 	3 	12 	7 	11 	1 	10 	5 	15 	8 	9 	6 	4 	14 	24 	13 	17 	18 	21 	23 	0
IvT 	 dot-jump 	 False 	 165 	 circle 	 1024 	 768 	 1.16079767166 	 44.445 	 66.667 	 6 	 -5.60622225078 	 1.50218272469 	 5.60622225078 	 -1.50218272469 	 -5.68324229838 	 1.73131884586 	 False 	 18 	 8 	13 	3 	24 	23 	9 	10 	16 	19 	18 	17 	2 	1 	22 	7 	4 	8 	12 	15 	6 	21 	11 	20 	5 	14 	0
IvT 	 dot-jump 	 False 	 166 	 circle 	 1024 	 768 	 1.16079767166 	 44.445 	 66.667 	 15 	 2.90199417916 	 -5.02640136157 	 5.02640136157 	 -2.90199417916 	 2.78516509987 	 -4.47884657952 	 False 	 8 	 9 	3 	14 	21 	6 	19 	5 	4 	22 	15 	17 	18 	13 	9 	24 	8 	20 	16 	1 	11 	2 	10 	7 	23 	12 	0
IvT 	 dot-jump 	 False 	 167 	 circle 	 1024 	 768 	 1.16079767166 	 44.445 	 66.667 	 21 	 5.02640136157 	 2.90199417916 	 5.02640136157 	 2.90199417916 	 5.53269283352 	 3.1239013958 	 True 	 11 	 11 	3 	2 	19 	13 	5 	4 	6 	7 	12 	9 	22 	21 	16 	18 	11 	23 	15 	14 	17 	24 	20 	10 	8 	1 	0
IvT 	 dot-jump 	 False 	 168 	 circle 	 1024 	 768 	 1.16079767166 	 44.445 	 66.667 	 24 	 1.50218272469 	 5.60622225078 	 -2.90199417916 	 -5.02640136157 	 1.43021991615 	 5.15631917138 	 False 	 17 	 15 	8 	17 	20 	16 	19 	14 	13 	18 	1 	9 	12 	23 	7 	3 	4 	11 	10 	24 	15 	22 	21 	5 	6 	2 	0
IvT 	 dot-jump 	 False 	 169 	 circle 	 1024 	 768 	 1.16079767166 	 44.445 	 66.667 	 9 	 -5.02640136157 	 -2.90199417916 	 -5.02640136157 	 2.90199417916 	 -5.15631917138 	 -2.78516509987 	 False 	 1 	 13 	23 	9 	6 	15 	3 	12 	7 	4 	16 	22 	13 	11 	10 	5 	8 	14 	17 	18 	24 	20 	2 	21 	1 	19 	0
IvT 	 dot-jump 	 False 	 170 	 circle 	 1024 	 768 	 1.16079767166 	 44.445 	 66.667 	 14 	 1.50218272469 	 -5.60622225078 	 0.0 	 -5.80398835832 	 1.54313201479 	 -5.26923127002 	 False 	 0 	 12 	14 	4 	1 	24 	11 	2 	7 	19 	10 	16 	5 	8 	13 	20 	22 	18 	6 	15 	23 	21 	12 	9 	17 	3 	0
IvT 	 dot-jump 	 False 	 171 	 circle 	 1024 	 768 	 1.16079767166 	 44.445 	 66.667 	 6 	 -5.60622225078 	 1.50218272469 	 -5.60622225078 	 1.50218272469 	 -5.49505546731 	 1.09148362022 	 True 	 16 	 16 	4 	18 	24 	3 	19 	8 	1 	10 	2 	14 	21 	11 	9 	23 	5 	12 	6 	16 	7 	15 	17 	22 	13 	20 	0
IvT 	 dot-jump 	 False 	 172 	 circle 	 1024 	 768 	 1.16079767166 	 44.445 	 66.667 	 21 	 5.02640136157 	 2.90199417916 	 4.10403952609 	 -4.10403952609 	 4.4412092133 	 2.70989036744 	 False 	 10 	 9 	10 	12 	15 	6 	24 	7 	3 	19 	13 	16 	21 	17 	18 	8 	2 	22 	11 	1 	14 	4 	5 	9 	20 	23 	0
IvT 	 dot-jump 	 False 	 173 	 circle 	 1024 	 768 	 1.16079767166 	 44.445 	 66.667 	 1 	 0.0 	 5.80398835832 	 5.60622225078 	 -1.50218272469 	 0.489285760787 	 5.83379176324 	 False 	 16 	 14 	10 	8 	7 	4 	20 	15 	13 	6 	19 	14 	2 	12 	11 	22 	18 	24 	1 	21 	9 	23 	17 	3 	16 	5 	0
IvT 	 dot-jump 	 False 	 174 	 circle 	 1024 	 768 	 1.16079767166 	 44.445 	 66.667 	 6 	 -5.60622225078 	 1.50218272469 	 0.0 	 -5.80398835832 	 -5.45741810109 	 1.35494518372 	 False 	 22 	 15 	14 	3 	24 	23 	11 	12 	9 	1 	18 	21 	16 	7 	20 	10 	4 	13 	22 	5 	19 	2 	8 	17 	6 	15 	0
IvT 	 dot-jump 	 False 	 175 	 circle 	 1024 	 768 	 1.16079767166 	 44.445 	 66.667 	 22 	 4.10403952609 	 4.10403952609 	 2.90199417916 	 5.02640136157 	 4.14011028359 	 4.25302238223 	 False 	 4 	 12 	15 	13 	12 	14 	22 	16 	10 	4 	3 	1 	11 	20 	23 	24 	7 	9 	21 	2 	18 	5 	17 	8 	19 	6 	0
IvT 	 dot-jump 	 False 	 176 	 circle 	 1024 	 768 	 1.16079767166 	 44.445 	 66.667 	 10 	 -4.10403952609 	 -4.10403952609 	 1.50218272469 	 5.60622225078 	 -4.1777476498 	 -4.02719818494 	 False 	 10 	 11 	14 	1 	20 	5 	13 	17 	9 	22 	19 	6 	10 	24 	2 	18 	8 	16 	23 	7 	21 	11 	15 	4 	12 	3 	0
IvT 	 dot-jump 	 False 	 177 	 circle 	 1024 	 768 	 1.16079767166 	 44.445 	 66.667 	 15 	 2.90199417916 	 -5.02640136157 	 -1.50218272469 	 -5.60622225078 	 2.37115407151 	 -5.15631917138 	 False 	 22 	 13 	9 	5 	16 	3 	10 	4 	11 	1 	19 	20 	18 	17 	8 	12 	24 	22 	7 	14 	6 	13 	2 	21 	15 	23 	0
IvT 	 dot-jump 	 False 	 178 	 circle 	 1024 	 768 	 1.16079767166 	 44.445 	 66.667 	 13 	 0.0 	 -5.80398835832 	 0.0 	 5.80398835832 	 0.0376373662144 	 -5.98434122809 	 False 	 13 	 10 	2 	9 	20 	4 	7 	10 	6 	11 	23 	12 	1 	3 	22 	13 	19 	18 	15 	8 	17 	16 	24 	21 	5 	14 	0
IvT 	 dot-jump 	 False 	 179 	 circle 	 1024 	 768 	 1.16079767166 	 44.445 	 66.667 	 5 	 -5.02640136157 	 2.90199417916 	 -5.02640136157 	 2.90199417916 	 -5.19395653759 	 2.89807719851 	 True 	 8 	 8 	21 	1 	4 	10 	22 	19 	20 	17 	5 	18 	16 	12 	8 	2 	23 	6 	24 	9 	7 	13 	3 	15 	14 	11 	0
IvT 	 dot-jump 	 False 	 180 	 circle 	 1024 	 768 	 1.16079767166 	 44.445 	 66.667 	 24 	 1.50218272469 	 5.60622225078 	 -1.50218272469 	 -5.60622225078 	 1.73131884586 	 6.02197859431 	 False 	 18 	 12 	19 	10 	20 	2 	3 	15 	16 	17 	4 	21 	22 	23 	12 	1 	9 	14 	11 	13 	24 	18 	7 	5 	8 	6 	0
IvT 	 dot-jump 	 False 	 181 	 circle 	 1024 	 768 	 1.16079767166 	 44.445 	 66.667 	 15 	 2.90199417916 	 -5.02640136157 	 4.10403952609 	 -4.10403952609 	 2.78516509987 	 -5.53269283352 	 False 	 22 	 8 	9 	8 	21 	12 	20 	3 	17 	24 	16 	19 	1 	14 	10 	23 	18 	7 	6 	13 	4 	22 	2 	11 	15 	5 	0
IvT 	 dot-jump 	 False 	 182 	 circle 	 1024 	 768 	 1.16079767166 	 44.445 	 66.667 	 16 	 4.10403952609 	 -4.10403952609 	 0.0 	 5.80398835832 	 3.76373662144 	 -4.25302238223 	 False 	 17 	 10 	23 	12 	11 	14 	6 	21 	10 	22 	18 	2 	1 	4 	17 	24 	20 	9 	8 	16 	5 	7 	15 	19 	3 	13 	0
IvT 	 dot-jump 	 False 	 183 	 circle 	 1024 	 768 	 1.16079767166 	 44.445 	 66.667 	 15 	 2.90199417916 	 -5.02640136157 	 -2.90199417916 	 5.02640136157 	 3.04862666337 	 -4.62939604437 	 False 	 1 	 15 	10 	15 	20 	7 	11 	19 	6 	21 	9 	8 	5 	17 	2 	22 	24 	3 	14 	18 	4 	12 	23 	16 	13 	1 	0
IvT 	 dot-jump 	 False 	 184 	 circle 	 1024 	 768 	 1.16079767166 	 44.445 	 66.667 	 17 	 5.02640136157 	 -2.90199417916 	 5.80398835832 	 0.0 	 4.51648394573 	 -2.93571456472 	 False 	 9 	 14 	2 	23 	7 	8 	11 	15 	5 	1 	16 	17 	24 	14 	9 	6 	19 	18 	3 	12 	21 	10 	22 	20 	13 	4 	0
IvT 	 dot-jump 	 False 	 185 	 circle 	 1024 	 768 	 1.16079767166 	 44.445 	 66.667 	 10 	 -4.10403952609 	 -4.10403952609 	 -4.10403952609 	 -4.10403952609 	 -4.06483555116 	 -3.83901135387 	 True 	 11 	 11 	19 	8 	4 	24 	18 	2 	22 	13 	12 	20 	17 	10 	23 	7 	6 	9 	3 	1 	14 	21 	15 	5 	16 	11 	0
IvT 	 dot-jump 	 False 	 186 	 circle 	 1024 	 768 	 1.16079767166 	 44.445 	 66.667 	 15 	 2.90199417916 	 -5.02640136157 	 5.02640136157 	 -2.90199417916 	 2.78516509987 	 -5.00576970652 	 False 	 10 	 13 	22 	13 	10 	2 	9 	11 	3 	4 	16 	5 	15 	21 	18 	17 	14 	8 	19 	6 	7 	20 	24 	1 	23 	12 	0
IvT 	 dot-jump 	 False 	 187 	 circle 	 1024 	 768 	 1.16079767166 	 44.445 	 66.667 	 15 	 2.90199417916 	 -5.02640136157 	 1.50218272469 	 -5.60622225078 	 3.01098929715 	 -5.26923127002 	 False 	 10 	 16 	2 	12 	22 	11 	3 	13 	18 	24 	19 	7 	15 	9 	10 	1 	16 	23 	14 	8 	21 	6 	4 	20 	17 	5 	0
IvT 	 dot-jump 	 False 	 188 	 circle 	 1024 	 768 	 1.16079767166 	 44.445 	 66.667 	 22 	 4.10403952609 	 4.10403952609 	 5.80398835832 	 0.0 	 4.06483555116 	 4.40357184709 	 False 	 5 	 9 	3 	13 	17 	10 	2 	22 	4 	24 	12 	19 	14 	18 	1 	20 	5 	11 	16 	9 	23 	15 	6 	7 	8 	21 	0
IvT 	 dot-jump 	 False 	 189 	 circle 	 1024 	 768 	 1.16079767166 	 44.445 	 66.667 	 20 	 5.60622225078 	 1.50218272469 	 5.02640136157 	 -2.90199417916 	 5.38214336866 	 1.61840674722 	 False 	 14 	 13 	8 	7 	19 	13 	2 	9 	24 	12 	6 	21 	5 	15 	18 	17 	20 	3 	11 	23 	16 	1 	4 	14 	22 	10 	0
IvT 	 dot-jump 	 False 	 190 	 circle 	 1024 	 768 	 1.16079767166 	 44.445 	 66.667 	 20 	 5.60622225078 	 1.50218272469 	 5.60622225078 	 1.50218272469 	 5.64560493216 	 1.46785728236 	 True 	 16 	 16 	21 	15 	13 	3 	6 	1 	24 	12 	16 	19 	11 	5 	22 	2 	23 	10 	20 	7 	9 	18 	14 	17 	4 	8 	0
IvT 	 dot-jump 	 False 	 191 	 circle 	 1024 	 768 	 1.16079767166 	 44.445 	 66.667 	 23 	 2.90199417916 	 5.02640136157 	 2.90199417916 	 5.02640136157 	 2.70989036744 	 4.77994550923 	 True 	 11 	 11 	6 	21 	1 	15 	14 	16 	5 	3 	10 	17 	22 	23 	24 	7 	13 	18 	19 	8 	11 	20 	2 	4 	12 	9 	0
IvT 	 dot-jump 	 False 	 192 	 circle 	 1024 	 768 	 1.16079767166 	 44.445 	 66.667 	 21 	 5.02640136157 	 2.90199417916 	 5.60622225078 	 1.50218272469 	 4.89285760787 	 2.97335193094 	 False 	 10 	 8 	15 	14 	19 	17 	10 	2 	16 	7 	20 	9 	21 	12 	3 	24 	13 	11 	1 	8 	18 	22 	6 	4 	5 	23 	0
IvT 	 dot-jump 	 False 	 193 	 circle 	 1024 	 768 	 1.16079767166 	 44.445 	 66.667 	 7 	 -5.80398835832 	 0.0 	 -4.10403952609 	 4.10403952609 	 -5.87142912945 	 -0.0752747324288 	 False 	 16 	 15 	13 	2 	6 	16 	9 	10 	11 	22 	19 	1 	21 	14 	18 	23 	20 	4 	7 	17 	24 	15 	3 	8 	5 	12 	0
IvT 	 dot-jump 	 False 	 194 	 circle 	 1024 	 768 	 1.16079767166 	 44.445 	 66.667 	 12 	 -1.50218272469 	 -5.60622225078 	 5.60622225078 	 -1.50218272469 	 -1.80659357829 	 -5.94670386188 	 False 	 9 	 14 	14 	9 	21 	3 	6 	24 	7 	23 	15 	12 	10 	20 	19 	4 	18 	11 	16 	17 	13 	8 	22 	1 	5 	2 	0
IvT 	 dot-jump 	 False 	 195 	 circle 	 1024 	 768 	 1.16079767166 	 44.445 	 66.667 	 13 	 0.0 	 -5.80398835832 	 0.0 	 -5.80398835832 	 0.414011028359 	 -5.94670386188 	 True 	 10 	 10 	8 	10 	7 	12 	19 	2 	9 	24 	22 	4 	13 	17 	1 	18 	6 	20 	16 	3 	5 	14 	21 	15 	23 	11 	0
IvT 	 dot-jump 	 False 	 196 	 circle 	 1024 	 768 	 1.16079767166 	 44.445 	 66.667 	 1 	 0.0 	 5.80398835832 	 -2.90199417916 	 5.02640136157 	 0.0752747324288 	 5.68324229838 	 False 	 13 	 12 	10 	9 	7 	15 	14 	6 	17 	12 	5 	22 	21 	23 	3 	1 	20 	16 	11 	4 	2 	13 	18 	24 	19 	8 	0
IvT 	 dot-jump 	 False 	 197 	 circle 	 1024 	 768 	 1.16079767166 	 44.445 	 66.667 	 10 	 -4.10403952609 	 -4.10403952609 	 0.0 	 5.80398835832 	 -4.02719818494 	 -4.29065974844 	 False 	 18 	 9 	9 	19 	14 	24 	15 	2 	23 	5 	13 	1 	8 	16 	12 	20 	22 	17 	18 	7 	10 	11 	4 	6 	21 	3 	0
IvT 	 dot-jump 	 False 	 198 	 circle 	 1024 	 768 	 1.16079767166 	 44.445 	 66.667 	 19 	 5.80398835832 	 0.0 	 5.80398835832 	 0.0 	 5.75851703081 	 -0.150549464858 	 True 	 10 	 10 	24 	8 	15 	16 	1 	6 	5 	18 	14 	3 	19 	12 	13 	2 	4 	23 	10 	22 	11 	7 	20 	21 	17 	9 	0
IvT 	 dot-jump 	 False 	 199 	 circle 	 1024 	 768 	 1.16079767166 	 44.445 	 66.667 	 18 	 5.60622225078 	 -1.50218272469 	 5.60622225078 	 -1.50218272469 	 5.30686863623 	 -1.46785728236 	 True 	 8 	 8 	12 	11 	8 	19 	21 	16 	20 	15 	18 	4 	10 	7 	13 	24 	9 	5 	2 	22 	6 	17 	14 	1 	3 	23 	0
IvT 	 dot-jump 	 False 	 200 	 circle 	 1024 	 768 	 1.16079767166 	 44.445 	 66.667 	 3 	 -2.90199417916 	 5.02640136157 	 -2.90199417916 	 5.02640136157 	 -2.40879143772 	 4.81758287545 	 True 	 11 	 11 	21 	15 	17 	14 	18 	24 	11 	4 	10 	12 	1 	3 	6 	9 	2 	5 	16 	23 	22 	8 	19 	7 	20 	13 	0
IvT 	 dot-jump 	 False 	 201 	 circle 	 1024 	 768 	 1.16079767166 	 44.445 	 66.667 	 10 	 -4.10403952609 	 -4.10403952609 	 5.80398835832 	 0.0 	 -3.9142860863 	 -3.83901135387 	 False 	 7 	 14 	16 	15 	3 	14 	13 	6 	2 	10 	11 	5 	21 	18 	23 	4 	19 	8 	20 	22 	24 	7 	12 	17 	9 	1 	0
IvT 	 dot-jump 	 False 	 202 	 circle 	 1024 	 768 	 1.16079767166 	 44.445 	 66.667 	 10 	 -4.10403952609 	 -4.10403952609 	 5.60622225078 	 -1.50218272469 	 -3.87664872009 	 -3.76373662144 	 False 	 12 	 13 	5 	16 	22 	9 	4 	14 	1 	12 	17 	2 	8 	24 	10 	18 	21 	7 	6 	13 	19 	23 	11 	15 	3 	20 	0
IvT 	 dot-jump 	 False 	 203 	 circle 	 1024 	 768 	 1.16079767166 	 44.445 	 66.667 	 4 	 -4.10403952609 	 4.10403952609 	 0.0 	 -5.80398835832 	 -4.21538501602 	 4.02719818494 	 False 	 11 	 9 	24 	15 	9 	17 	1 	3 	12 	21 	2 	13 	11 	4 	19 	20 	18 	16 	14 	22 	5 	10 	23 	7 	6 	8 	0
IvT 	 dot-jump 	 False 	 204 	 circle 	 1024 	 768 	 1.16079767166 	 44.445 	 66.667 	 3 	 -2.90199417916 	 5.02640136157 	 -1.50218272469 	 5.60622225078 	 -2.97335193094 	 4.89285760787 	 False 	 4 	 16 	1 	14 	23 	11 	3 	6 	5 	16 	4 	12 	8 	13 	7 	24 	22 	10 	2 	19 	21 	9 	18 	20 	15 	17 	0
IvT 	 dot-jump 	 False 	 205 	 circle 	 1024 	 768 	 1.16079767166 	 44.445 	 66.667 	 11 	 -2.90199417916 	 -5.02640136157 	 5.80398835832 	 0.0 	 -3.01098929715 	 -5.00576970652 	 False 	 15 	 12 	14 	15 	12 	23 	21 	1 	7 	13 	24 	8 	22 	10 	19 	9 	17 	11 	18 	16 	20 	3 	2 	5 	4 	6 	0
IvT 	 dot-jump 	 False 	 206 	 circle 	 1024 	 768 	 1.16079767166 	 44.445 	 66.667 	 9 	 -5.02640136157 	 -2.90199417916 	 -4.10403952609 	 4.10403952609 	 -4.21538501602 	 -2.74752773365 	 False 	 2 	 15 	23 	14 	9 	21 	17 	24 	13 	20 	5 	10 	15 	19 	7 	2 	11 	4 	6 	8 	22 	1 	18 	12 	16 	3 	0
IvT 	 dot-jump 	 False 	 207 	 circle 	 1024 	 768 	 1.16079767166 	 44.445 	 66.667 	 12 	 -1.50218272469 	 -5.60622225078 	 -5.60622225078 	 -1.50218272469 	 -0.940934155361 	 -5.41978073488 	 False 	 3 	 10 	2 	16 	6 	12 	4 	15 	10 	24 	13 	9 	8 	11 	5 	21 	3 	19 	7 	1 	22 	14 	17 	18 	20 	23 	0
IvT 	 dot-jump 	 False 	 208 	 circle 	 1024 	 768 	 1.16079767166 	 44.445 	 66.667 	 9 	 -5.02640136157 	 -2.90199417916 	 5.60622225078 	 1.50218272469 	 -5.34450600245 	 -2.70989036744 	 False 	 16 	 15 	11 	10 	23 	22 	1 	16 	2 	3 	15 	18 	5 	4 	19 	24 	7 	20 	9 	13 	8 	14 	21 	6 	17 	12 	0
IvT 	 dot-jump 	 False 	 209 	 circle 	 1024 	 768 	 1.16079767166 	 44.445 	 66.667 	 17 	 5.02640136157 	 -2.90199417916 	 5.80398835832 	 0.0 	 5.15631917138 	 -2.74752773365 	 False 	 15 	 13 	13 	21 	18 	7 	15 	14 	11 	6 	3 	1 	12 	9 	4 	19 	5 	17 	22 	8 	23 	24 	10 	20 	2 	16 	0
IvT 	 dot-jump 	 False 	 210 	 circle 	 1024 	 768 	 1.16079767166 	 44.445 	 66.667 	 20 	 5.60622225078 	 1.50218272469 	 -2.90199417916 	 5.02640136157 	 5.90906649566 	 1.61840674722 	 False 	 2 	 11 	1 	6 	20 	7 	2 	17 	12 	9 	18 	14 	10 	3 	21 	19 	11 	8 	22 	4 	15 	5 	16 	23 	13 	24 	0
IvT 	 dot-jump 	 False 	 211 	 circle 	 1024 	 768 	 1.16079767166 	 44.445 	 66.667 	 5 	 -5.02640136157 	 2.90199417916 	 -5.02640136157 	 2.90199417916 	 -5.30686863623 	 2.63461563501 	 True 	 12 	 12 	14 	2 	4 	23 	7 	1 	18 	9 	12 	8 	22 	13 	5 	6 	17 	19 	3 	24 	21 	11 	10 	15 	20 	16 	0
IvT 	 dot-jump 	 False 	 212 	 circle 	 1024 	 768 	 1.16079767166 	 44.445 	 66.667 	 22 	 4.10403952609 	 4.10403952609 	 0.0 	 -5.80398835832 	 4.29065974844 	 4.51648394573 	 False 	 15 	 14 	12 	5 	17 	23 	21 	9 	2 	3 	1 	10 	24 	15 	4 	14 	13 	22 	19 	6 	8 	7 	16 	11 	18 	20 	0
IvT 	 dot-jump 	 False 	 213 	 circle 	 1024 	 768 	 1.16079767166 	 44.445 	 66.667 	 5 	 -5.02640136157 	 2.90199417916 	 1.50218272469 	 -5.60622225078 	 -4.66703341059 	 3.1239013958 	 False 	 11 	 8 	24 	12 	3 	21 	16 	1 	9 	23 	14 	11 	20 	5 	8 	15 	2 	13 	10 	6 	17 	18 	4 	7 	22 	19 	0
IvT 	 dot-jump 	 False 	 214 	 circle 	 1024 	 768 	 1.16079767166 	 44.445 	 66.667 	 13 	 0.0 	 -5.80398835832 	 0.0 	 -5.80398835832 	 0.489285760787 	 -5.98434122809 	 True 	 16 	 16 	7 	14 	15 	23 	18 	9 	8 	16 	22 	24 	2 	5 	6 	21 	1 	11 	13 	3 	17 	10 	12 	4 	19 	20 	0
IvT 	 dot-jump 	 False 	 215 	 circle 	 1024 	 768 	 1.16079767166 	 44.445 	 66.667 	 14 	 1.50218272469 	 -5.60622225078 	 2.90199417916 	 -5.02640136157 	 1.76895621208 	 -5.19395653759 	 False 	 12 	 9 	12 	10 	2 	20 	7 	22 	1 	6 	8 	15 	4 	23 	14 	17 	16 	19 	9 	18 	21 	24 	13 	11 	3 	5 	0
IvT 	 dot-jump 	 False 	 216 	 circle 	 1024 	 768 	 1.16079767166 	 44.445 	 66.667 	 11 	 -2.90199417916 	 -5.02640136157 	 4.10403952609 	 4.10403952609 	 -2.67225300122 	 -4.93049497409 	 False 	 17 	 14 	21 	3 	1 	20 	24 	5 	2 	16 	14 	13 	15 	10 	8 	7 	22 	12 	4 	11 	17 	23 	18 	9 	6 	19 	0
IvT 	 dot-jump 	 False 	 217 	 circle 	 1024 	 768 	 1.16079767166 	 44.445 	 66.667 	 14 	 1.50218272469 	 -5.60622225078 	 2.90199417916 	 5.02640136157 	 1.12912098643 	 -5.60796756595 	 False 	 14 	 13 	11 	10 	4 	9 	17 	22 	2 	15 	18 	21 	24 	19 	6 	23 	14 	13 	7 	1 	3 	12 	16 	20 	5 	8 	0
IvT 	 dot-jump 	 False 	 218 	 circle 	 1024 	 768 	 1.16079767166 	 44.445 	 66.667 	 20 	 5.60622225078 	 1.50218272469 	 5.60622225078 	 -1.50218272469 	 5.75851703081 	 0.903296789146 	 False 	 16 	 15 	16 	7 	3 	6 	9 	15 	5 	24 	10 	22 	19 	13 	21 	23 	17 	18 	20 	2 	11 	4 	8 	14 	12 	1 	0
IvT 	 dot-jump 	 False 	 219 	 circle 	 1024 	 768 	 1.16079767166 	 44.445 	 66.667 	 5 	 -5.02640136157 	 2.90199417916 	 -4.10403952609 	 4.10403952609 	 -4.93049497409 	 3.04862666337 	 False 	 18 	 9 	23 	3 	14 	8 	13 	6 	16 	1 	15 	4 	11 	18 	22 	12 	21 	24 	10 	17 	5 	19 	2 	9 	7 	20 	0
IvT 	 dot-jump 	 False 	 220 	 circle 	 1024 	 768 	 1.16079767166 	 44.445 	 66.667 	 12 	 -1.50218272469 	 -5.60622225078 	 -4.10403952609 	 -4.10403952609 	 -1.01620888779 	 -5.57033019973 	 False 	 12 	 11 	23 	1 	24 	17 	20 	14 	13 	18 	3 	4 	16 	10 	12 	22 	5 	6 	15 	7 	9 	2 	11 	21 	8 	19 	0
IvT 	 dot-jump 	 False 	 221 	 circle 	 1024 	 768 	 1.16079767166 	 44.445 	 66.667 	 21 	 5.02640136157 	 2.90199417916 	 -1.50218272469 	 -5.60622225078 	 5.45741810109 	 2.74752773365 	 False 	 6 	 16 	13 	6 	10 	4 	11 	23 	21 	14 	19 	18 	5 	3 	1 	17 	20 	15 	12 	16 	22 	7 	8 	2 	9 	24 	0
IvT 	 dot-jump 	 False 	 222 	 circle 	 1024 	 768 	 1.16079767166 	 44.445 	 66.667 	 5 	 -5.02640136157 	 2.90199417916 	 -5.02640136157 	 2.90199417916 	 -4.32829711466 	 3.1239013958 	 True 	 10 	 10 	9 	15 	18 	16 	21 	22 	19 	23 	20 	10 	5 	14 	3 	2 	11 	13 	7 	12 	4 	6 	1 	8 	17 	24 	0
IvT 	 dot-jump 	 False 	 223 	 circle 	 1024 	 768 	 1.16079767166 	 44.445 	 66.667 	 17 	 5.02640136157 	 -2.90199417916 	 1.50218272469 	 5.60622225078 	 4.81758287545 	 -2.93571456472 	 False 	 10 	 8 	6 	13 	22 	20 	1 	2 	16 	5 	24 	8 	17 	18 	12 	11 	21 	15 	7 	14 	10 	19 	9 	23 	3 	4 	0
IvT 	 dot-jump 	 False 	 224 	 circle 	 1024 	 768 	 1.16079767166 	 44.445 	 66.667 	 21 	 5.02640136157 	 2.90199417916 	 5.60622225078 	 -1.50218272469 	 5.49505546731 	 2.55934090258 	 False 	 13 	 12 	13 	5 	6 	19 	11 	7 	2 	17 	3 	16 	8 	20 	18 	21 	24 	1 	9 	12 	15 	14 	4 	10 	22 	23 	0
IvT 	 dot-jump 	 False 	 225 	 circle 	 1024 	 768 	 1.16079767166 	 44.445 	 66.667 	 4 	 -4.10403952609 	 4.10403952609 	 5.02640136157 	 -2.90199417916 	 -3.68846188901 	 3.98956081873 	 False 	 21 	 14 	22 	9 	8 	7 	15 	18 	21 	10 	6 	16 	23 	24 	11 	20 	17 	3 	12 	2 	1 	13 	5 	4 	14 	19 	0
IvT 	 dot-jump 	 False 	 226 	 circle 	 1024 	 768 	 1.16079767166 	 44.445 	 66.667 	 12 	 -1.50218272469 	 -5.60622225078 	 -5.02640136157 	 2.90199417916 	 -1.20439571886 	 -5.94670386188 	 False 	 0 	 15 	12 	6 	4 	16 	13 	23 	14 	7 	20 	24 	15 	10 	9 	21 	17 	5 	22 	18 	11 	8 	19 	3 	2 	1 	0
IvT 	 dot-jump 	 False 	 227 	 circle 	 1024 	 768 	 1.16079767166 	 44.445 	 66.667 	 7 	 -5.80398835832 	 0.0 	 -5.80398835832 	 0.0 	 -5.87142912945 	 0.0376373662144 	 True 	 12 	 12 	17 	11 	5 	23 	3 	1 	8 	21 	2 	4 	19 	15 	7 	14 	24 	10 	6 	16 	22 	9 	18 	20 	13 	12 	0
IvT 	 dot-jump 	 False 	 228 	 circle 	 1024 	 768 	 1.16079767166 	 44.445 	 66.667 	 22 	 4.10403952609 	 4.10403952609 	 -4.10403952609 	 -4.10403952609 	 4.29065974844 	 3.95192345251 	 False 	 21 	 11 	6 	9 	2 	12 	24 	8 	1 	15 	20 	14 	11 	10 	13 	23 	18 	7 	4 	5 	19 	16 	3 	22 	17 	21 	0
IvT 	 dot-jump 	 False 	 229 	 circle 	 1024 	 768 	 1.16079767166 	 44.445 	 66.667 	 18 	 5.60622225078 	 -1.50218272469 	 -5.60622225078 	 1.50218272469 	 5.30686863623 	 -1.80659357829 	 False 	 6 	 9 	12 	9 	15 	7 	11 	1 	18 	22 	19 	6 	20 	8 	4 	17 	21 	5 	3 	2 	24 	14 	23 	13 	16 	10 	0
IvT 	 dot-jump 	 False 	 230 	 circle 	 1024 	 768 	 1.16079767166 	 44.445 	 66.667 	 1 	 0.0 	 5.80398835832 	 5.80398835832 	 0.0 	 0.112912098643 	 5.79615439702 	 False 	 9 	 8 	16 	13 	22 	8 	24 	23 	2 	20 	19 	1 	12 	6 	18 	9 	10 	17 	15 	3 	11 	7 	21 	4 	5 	14 	0
IvT 	 dot-jump 	 False 	 231 	 circle 	 1024 	 768 	 1.16079767166 	 44.445 	 66.667 	 6 	 -5.60622225078 	 1.50218272469 	 1.50218272469 	 -5.60622225078 	 -5.60796756595 	 1.3173078175 	 False 	 3 	 13 	5 	9 	11 	6 	3 	12 	18 	10 	17 	24 	8 	23 	2 	14 	4 	22 	20 	1 	15 	19 	16 	7 	21 	13 	0
IvT 	 dot-jump 	 False 	 232 	 circle 	 1024 	 768 	 1.16079767166 	 44.445 	 66.667 	 15 	 2.90199417916 	 -5.02640136157 	 4.10403952609 	 -4.10403952609 	 3.3873629593 	 -5.11868180516 	 False 	 14 	 10 	19 	2 	8 	1 	22 	20 	17 	9 	12 	18 	16 	4 	24 	13 	15 	14 	5 	10 	7 	11 	21 	3 	23 	6 	0
IvT 	 dot-jump 	 False 	 233 	 circle 	 1024 	 768 	 1.16079767166 	 44.445 	 66.667 	 21 	 5.02640136157 	 2.90199417916 	 5.60622225078 	 1.50218272469 	 4.51648394573 	 2.67225300122 	 False 	 12 	 16 	23 	24 	7 	15 	17 	6 	10 	9 	18 	12 	3 	5 	21 	8 	1 	11 	20 	19 	22 	14 	4 	13 	2 	16 	0
IvT 	 dot-jump 	 False 	 234 	 circle 	 1024 	 768 	 1.16079767166 	 44.445 	 66.667 	 6 	 -5.60622225078 	 1.50218272469 	 0.0 	 -5.80398835832 	 -5.15631917138 	 1.3173078175 	 False 	 9 	 11 	18 	16 	5 	10 	2 	4 	9 	7 	1 	6 	15 	13 	11 	8 	22 	24 	20 	12 	23 	19 	21 	3 	14 	17 	0
IvT 	 dot-jump 	 False 	 235 	 circle 	 1024 	 768 	 1.16079767166 	 44.445 	 66.667 	 6 	 -5.60622225078 	 1.50218272469 	 1.50218272469 	 5.60622225078 	 -5.34450600245 	 1.58076938101 	 False 	 0 	 14 	6 	13 	22 	10 	12 	5 	16 	8 	23 	2 	19 	15 	4 	7 	24 	3 	20 	9 	18 	21 	11 	14 	1 	17 	0
IvT 	 dot-jump 	 False 	 236 	 circle 	 1024 	 768 	 1.16079767166 	 44.445 	 66.667 	 17 	 5.02640136157 	 -2.90199417916 	 -1.50218272469 	 -5.60622225078 	 5.60796756595 	 -3.31208822687 	 False 	 15 	 16 	6 	1 	24 	9 	11 	16 	7 	10 	13 	18 	2 	14 	23 	22 	4 	17 	12 	8 	5 	20 	3 	15 	19 	21 	0
IvT 	 dot-jump 	 False 	 237 	 circle 	 1024 	 768 	 1.16079767166 	 44.445 	 66.667 	 12 	 -1.50218272469 	 -5.60622225078 	 -4.10403952609 	 -4.10403952609 	 -1.16675835265 	 -5.90906649566 	 False 	 9 	 8 	14 	23 	8 	21 	2 	24 	18 	9 	10 	12 	6 	7 	11 	3 	22 	20 	5 	17 	15 	13 	1 	19 	4 	16 	0
IvT 	 dot-jump 	 False 	 238 	 circle 	 1024 	 768 	 1.16079767166 	 44.445 	 66.667 	 23 	 2.90199417916 	 5.02640136157 	 4.10403952609 	 4.10403952609 	 3.08626402958 	 4.85522024166 	 False 	 18 	 9 	20 	9 	14 	7 	1 	19 	11 	10 	12 	22 	4 	24 	6 	3 	16 	2 	5 	17 	23 	8 	18 	21 	13 	15 	0
IvT 	 dot-jump 	 False 	 239 	 circle 	 1024 	 768 	 1.16079767166 	 44.445 	 66.667 	 24 	 1.50218272469 	 5.60622225078 	 1.50218272469 	 5.60622225078 	 1.12912098643 	 5.64560493216 	 True 	 13 	 13 	8 	11 	1 	10 	17 	23 	6 	3 	7 	15 	12 	2 	18 	24 	4 	13 	16 	19 	22 	9 	14 	5 	21 	20 	0
IvT 	 dot-jump 	 False 	 240 	 circle 	 1024 	 768 	 1.16079767166 	 44.445 	 66.667 	 15 	 2.90199417916 	 -5.02640136157 	 0.0 	 5.80398835832 	 3.34972559308 	 -5.53269283352 	 False 	 17 	 10 	4 	3 	21 	22 	11 	23 	17 	19 	13 	24 	1 	14 	2 	7 	10 	6 	9 	15 	5 	8 	18 	20 	12 	16 	0
IvT 	 dot-jump 	 False 	 241 	 circle 	 1024 	 768 	 1.16079767166 	 44.445 	 66.667 	 21 	 5.02640136157 	 2.90199417916 	 5.02640136157 	 2.90199417916 	 5.04340707273 	 2.67225300122 	 True 	 12 	 12 	4 	15 	16 	12 	7 	22 	23 	9 	18 	20 	5 	6 	21 	3 	8 	14 	17 	2 	19 	10 	24 	1 	13 	11 	0
IvT 	 dot-jump 	 False 	 242 	 circle 	 1024 	 768 	 1.16079767166 	 44.445 	 66.667 	 19 	 5.80398835832 	 0.0 	 -5.60622225078 	 1.50218272469 	 5.34450600245 	 -0.414011028359 	 False 	 17 	 15 	13 	3 	2 	8 	10 	11 	21 	20 	1 	23 	15 	5 	16 	24 	14 	6 	18 	19 	7 	22 	4 	9 	12 	17 	0
IvT 	 dot-jump 	 False 	 243 	 circle 	 1024 	 768 	 1.16079767166 	 44.445 	 66.667 	 15 	 2.90199417916 	 -5.02640136157 	 -5.60622225078 	 -1.50218272469 	 2.8604398323 	 -5.26923127002 	 False 	 12 	 10 	11 	2 	12 	1 	6 	21 	9 	10 	7 	16 	8 	3 	15 	23 	5 	24 	20 	22 	14 	18 	17 	4 	19 	13 	0
IvT 	 dot-jump 	 False 	 244 	 circle 	 1024 	 768 	 1.16079767166 	 44.445 	 66.667 	 23 	 2.90199417916 	 5.02640136157 	 5.80398835832 	 0.0 	 3.08626402958 	 5.34450600245 	 False 	 13 	 9 	17 	9 	1 	13 	20 	3 	7 	18 	5 	19 	24 	16 	21 	23 	6 	11 	2 	10 	8 	15 	14 	22 	12 	4 	0
IvT 	 dot-jump 	 False 	 245 	 circle 	 1024 	 768 	 1.16079767166 	 44.445 	 66.667 	 11 	 -2.90199417916 	 -5.02640136157 	 0.0 	 -5.80398835832 	 -2.93571456472 	 -5.30686863623 	 False 	 15 	 11 	5 	6 	9 	20 	4 	7 	14 	15 	1 	2 	19 	13 	17 	16 	24 	11 	23 	21 	12 	18 	8 	22 	3 	10 	0
IvT 	 dot-jump 	 False 	 246 	 circle 	 1024 	 768 	 1.16079767166 	 44.445 	 66.667 	 2 	 -1.50218272469 	 5.60622225078 	 -2.90199417916 	 5.02640136157 	 -1.20439571886 	 5.38214336866 	 False 	 15 	 14 	20 	8 	10 	9 	19 	12 	4 	13 	22 	18 	15 	23 	17 	7 	3 	2 	5 	14 	24 	11 	6 	21 	1 	16 	0
IvT 	 dot-jump 	 False 	 247 	 circle 	 1024 	 768 	 1.16079767166 	 44.445 	 66.667 	 5 	 -5.02640136157 	 2.90199417916 	 -4.10403952609 	 4.10403952609 	 -5.19395653759 	 3.1239013958 	 False 	 17 	 13 	17 	8 	22 	6 	18 	1 	19 	14 	2 	11 	12 	7 	9 	4 	21 	20 	13 	5 	3 	24 	10 	15 	16 	23 	0
IvT 	 dot-jump 	 False 	 248 	 circle 	 1024 	 768 	 1.16079767166 	 44.445 	 66.667 	 11 	 -2.90199417916 	 -5.02640136157 	 5.02640136157 	 2.90199417916 	 -2.89807719851 	 -5.30686863623 	 False 	 4 	 16 	12 	23 	17 	15 	11 	4 	1 	3 	8 	24 	5 	13 	22 	7 	18 	9 	21 	2 	6 	10 	20 	19 	16 	14 	0
IvT 	 dot-jump 	 False 	 249 	 circle 	 1024 	 768 	 1.16079767166 	 44.445 	 66.667 	 13 	 0.0 	 -5.80398835832 	 1.50218272469 	 -5.60622225078 	 0.33873629593 	 -5.90906649566 	 False 	 19 	 15 	16 	24 	6 	2 	3 	9 	5 	1 	4 	11 	23 	18 	8 	10 	7 	14 	21 	19 	20 	13 	22 	12 	15 	17 	0
IvT 	 dot-jump 	 False 	 250 	 circle 	 1024 	 768 	 1.16079767166 	 44.445 	 66.667 	 3 	 -2.90199417916 	 5.02640136157 	 -5.02640136157 	 -2.90199417916 	 -2.74752773365 	 4.77994550923 	 False 	 4 	 8 	17 	11 	18 	7 	3 	6 	8 	1 	9 	13 	10 	4 	20 	22 	19 	21 	14 	23 	24 	5 	12 	2 	16 	15 	0
IvT 	 dot-jump 	 False 	 251 	 circle 	 1024 	 768 	 1.16079767166 	 44.445 	 66.667 	 21 	 5.02640136157 	 2.90199417916 	 2.90199417916 	 5.02640136157 	 4.7046707768 	 2.63461563501 	 False 	 20 	 12 	11 	3 	16 	15 	2 	1 	18 	19 	20 	17 	10 	9 	23 	22 	6 	5 	24 	7 	14 	8 	21 	13 	4 	12 	0
IvT 	 dot-jump 	 False 	 252 	 circle 	 1024 	 768 	 1.16079767166 	 44.445 	 66.667 	 3 	 -2.90199417916 	 5.02640136157 	 1.50218272469 	 -5.60622225078 	 -3.23681349444 	 5.2315939038 	 False 	 10 	 9 	6 	19 	9 	8 	2 	17 	12 	1 	22 	14 	3 	20 	11 	18 	13 	15 	10 	7 	23 	5 	16 	21 	24 	4 	0
IvT 	 dot-jump 	 False 	 253 	 circle 	 1024 	 768 	 1.16079767166 	 44.445 	 66.667 	 23 	 2.90199417916 	 5.02640136157 	 -5.60622225078 	 1.50218272469 	 2.97335193094 	 4.29065974844 	 False 	 17 	 13 	17 	18 	3 	14 	13 	20 	22 	11 	1 	7 	19 	12 	15 	6 	24 	10 	16 	23 	21 	4 	8 	2 	5 	9 	0
IvT 	 dot-jump 	 False 	 254 	 circle 	 1024 	 768 	 1.16079767166 	 44.445 	 66.667 	 23 	 2.90199417916 	 5.02640136157 	 2.90199417916 	 -5.02640136157 	 2.37115407151 	 4.85522024166 	 False 	 13 	 10 	5 	21 	1 	17 	7 	4 	3 	6 	24 	12 	15 	16 	22 	23 	8 	18 	9 	20 	2 	11 	13 	19 	14 	10 	0
IvT 	 dot-jump 	 False 	 255 	 circle 	 1024 	 768 	 1.16079767166 	 44.445 	 66.667 	 3 	 -2.90199417916 	 5.02640136157 	 0.0 	 -5.80398835832 	 -2.97335193094 	 4.74230814302 	 False 	 1 	 16 	16 	3 	19 	11 	21 	24 	17 	4 	2 	15 	22 	9 	8 	23 	12 	1 	13 	10 	6 	14 	18 	20 	7 	5 	0
IvT 	 dot-jump 	 False 	 256 	 circle 	 1024 	 768 	 1.16079767166 	 44.445 	 66.667 	 3 	 -2.90199417916 	 5.02640136157 	 -1.50218272469 	 5.60622225078 	 -2.97335193094 	 5.00576970652 	 False 	 2 	 15 	8 	22 	3 	18 	21 	13 	10 	1 	19 	5 	16 	4 	6 	9 	24 	2 	7 	14 	17 	12 	15 	11 	20 	23 	0
IvT 	 dot-jump 	 False 	 257 	 circle 	 1024 	 768 	 1.16079767166 	 44.445 	 66.667 	 21 	 5.02640136157 	 2.90199417916 	 5.60622225078 	 -1.50218272469 	 5.15631917138 	 2.48406617015 	 False 	 14 	 12 	17 	12 	24 	11 	9 	3 	22 	1 	2 	20 	6 	10 	18 	19 	21 	8 	5 	16 	7 	14 	23 	13 	15 	4 	0
IvT 	 dot-jump 	 False 	 258 	 circle 	 1024 	 768 	 1.16079767166 	 44.445 	 66.667 	 22 	 4.10403952609 	 4.10403952609 	 5.60622225078 	 -1.50218272469 	 4.29065974844 	 4.29065974844 	 False 	 22 	 8 	19 	24 	6 	4 	3 	16 	2 	17 	18 	23 	11 	5 	8 	12 	1 	14 	10 	21 	9 	15 	13 	7 	22 	20 	0
IvT 	 dot-jump 	 False 	 259 	 circle 	 1024 	 768 	 1.16079767166 	 44.445 	 66.667 	 21 	 5.02640136157 	 2.90199417916 	 -2.90199417916 	 5.02640136157 	 4.81758287545 	 2.63461563501 	 False 	 11 	 14 	13 	12 	11 	15 	23 	8 	2 	16 	5 	18 	9 	21 	10 	4 	3 	22 	7 	20 	6 	24 	1 	19 	14 	17 	0
IvT 	 dot-jump 	 False 	 260 	 circle 	 1024 	 768 	 1.16079767166 	 44.445 	 66.667 	 20 	 5.60622225078 	 1.50218272469 	 -4.10403952609 	 4.10403952609 	 6.24780279159 	 1.16675835265 	 False 	 14 	 11 	8 	23 	11 	18 	22 	24 	12 	14 	17 	9 	7 	4 	3 	6 	20 	1 	16 	5 	13 	19 	15 	2 	21 	10 	0
IvT 	 dot-jump 	 False 	 261 	 circle 	 1024 	 768 	 1.16079767166 	 44.445 	 66.667 	 21 	 5.02640136157 	 2.90199417916 	 -5.02640136157 	 2.90199417916 	 4.62939604437 	 3.01098929715 	 False 	 20 	 11 	8 	12 	19 	1 	18 	11 	6 	16 	15 	17 	3 	5 	7 	10 	4 	13 	14 	23 	24 	2 	21 	22 	20 	9 	0
IvT 	 dot-jump 	 False 	 262 	 circle 	 1024 	 768 	 1.16079767166 	 44.445 	 66.667 	 12 	 -1.50218272469 	 -5.60622225078 	 1.50218272469 	 5.60622225078 	 -1.54313201479 	 -5.53269283352 	 False 	 12 	 8 	21 	22 	13 	19 	11 	8 	5 	4 	24 	6 	9 	3 	12 	16 	20 	15 	2 	7 	14 	1 	23 	18 	17 	10 	0
IvT 	 dot-jump 	 False 	 263 	 circle 	 1024 	 768 	 1.16079767166 	 44.445 	 66.667 	 11 	 -2.90199417916 	 -5.02640136157 	 -4.10403952609 	 -4.10403952609 	 -2.74752773365 	 -4.9681323403 	 False 	 20 	 9 	13 	17 	5 	1 	15 	23 	2 	4 	20 	10 	21 	24 	6 	8 	18 	3 	14 	16 	12 	9 	11 	19 	22 	7 	0
IvT 	 dot-jump 	 False 	 264 	 circle 	 1024 	 768 	 1.16079767166 	 44.445 	 66.667 	 7 	 -5.80398835832 	 0.0 	 0.0 	 -5.80398835832 	 -5.75851703081 	 0.0376373662144 	 False 	 11 	 15 	20 	2 	18 	3 	4 	11 	10 	12 	1 	17 	15 	7 	22 	5 	8 	13 	6 	19 	23 	9 	14 	24 	21 	16 	0
IvT 	 dot-jump 	 False 	 265 	 circle 	 1024 	 768 	 1.16079767166 	 44.445 	 66.667 	 12 	 -1.50218272469 	 -5.60622225078 	 2.90199417916 	 5.02640136157 	 -1.91950567694 	 -5.90906649566 	 False 	 20 	 16 	3 	17 	19 	21 	24 	20 	2 	7 	8 	9 	5 	15 	10 	14 	6 	13 	23 	18 	22 	1 	12 	11 	16 	4 	0
IvT 	 dot-jump 	 False 	 266 	 circle 	 1024 	 768 	 1.16079767166 	 44.445 	 66.667 	 24 	 1.50218272469 	 5.60622225078 	 5.02640136157 	 2.90199417916 	 2.14532987422 	 5.68324229838 	 False 	 12 	 10 	17 	23 	22 	10 	11 	13 	12 	8 	16 	3 	21 	19 	24 	5 	1 	18 	14 	6 	4 	9 	15 	20 	7 	2 	0
IvT 	 dot-jump 	 False 	 267 	 circle 	 1024 	 768 	 1.16079767166 	 44.445 	 66.667 	 11 	 -2.90199417916 	 -5.02640136157 	 -5.02640136157 	 -2.90199417916 	 -3.23681349444 	 -5.45741810109 	 False 	 20 	 13 	14 	2 	24 	20 	13 	6 	5 	3 	10 	17 	7 	15 	18 	9 	12 	23 	19 	22 	1 	21 	11 	8 	4 	16 	0
IvT 	 dot-jump 	 False 	 268 	 circle 	 1024 	 768 	 1.16079767166 	 44.445 	 66.667 	 14 	 1.50218272469 	 -5.60622225078 	 1.50218272469 	 -5.60622225078 	 1.73131884586 	 -5.04340707273 	 True 	 14 	 14 	16 	11 	13 	15 	24 	12 	4 	7 	20 	9 	1 	2 	6 	8 	14 	5 	21 	23 	3 	17 	22 	10 	18 	19 	0
IvT 	 dot-jump 	 False 	 269 	 circle 	 1024 	 768 	 1.16079767166 	 44.445 	 66.667 	 21 	 5.02640136157 	 2.90199417916 	 1.50218272469 	 -5.60622225078 	 5.00576970652 	 3.01098929715 	 False 	 7 	 12 	12 	23 	3 	10 	7 	18 	1 	21 	2 	5 	8 	22 	14 	20 	4 	11 	19 	16 	17 	24 	15 	9 	13 	6 	0
