subject 	task 	staircase 	trialNum 	stimulus 	monitorWidth 	monitorHeight 	stimHeight  	ISI 	SOA 	responseSpatialPos 	responseX 	responseY 	correctX 	correctY 	clickX 	clickY 	accuracy 	responsePosInStream 	correctPosInStream 	position0 	position1 	position2 	position3 	position4 	position5 	position6 	position7 	position8 	position9 	position10 	position11 	position12 	position13 	position14 	position15 	position16 	position17 	position18 	position19 	position20 	position21 	position22 	position23 	longFrames
KR 	 dot-jump 	 False 	 0 	 circle 	 1024 	 768 	 1.16079767166 	 44.445 	 66.667 	 24 	 1.50218272469 	 5.60622225078 	 -4.10403952609 	 -4.10403952609 	 3.80137398766 	 13.1354408088 	 False 	 5 	 16 	4 	21 	12 	11 	20 	24 	13 	17 	7 	5 	22 	15 	18 	16 	6 	9 	10 	19 	3 	14 	23 	8 	1 	2 	0
KR 	 dot-jump 	 False 	 1 	 circle 	 1024 	 768 	 1.16079767166 	 44.445 	 66.667 	 4 	 -4.10403952609 	 4.10403952609 	 5.02640136157 	 -2.90199417916 	 -7.71566007396 	 8.16730846853 	 False 	 15 	 14 	9 	23 	2 	19 	11 	1 	14 	16 	6 	15 	18 	22 	7 	5 	17 	4 	12 	21 	13 	10 	24 	20 	8 	3 	0
KR 	 dot-jump 	 False 	 2 	 circle 	 1024 	 768 	 1.16079767166 	 44.445 	 66.667 	 5 	 -5.02640136157 	 2.90199417916 	 1.50218272469 	 5.60622225078 	 -5.08104443895 	 3.08626402958 	 False 	 7 	 10 	1 	17 	13 	20 	4 	19 	10 	5 	15 	7 	24 	16 	8 	23 	9 	6 	3 	12 	11 	22 	18 	14 	2 	21 	0
KR 	 dot-jump 	 False 	 3 	 circle 	 1024 	 768 	 1.16079767166 	 44.445 	 66.667 	 21 	 5.02640136157 	 2.90199417916 	 0.0 	 5.80398835832 	 5.2315939038 	 2.8604398323 	 False 	 18 	 15 	4 	17 	2 	5 	23 	9 	7 	12 	14 	11 	6 	15 	19 	16 	22 	1 	3 	24 	21 	13 	8 	20 	18 	10 	0
KR 	 dot-jump 	 False 	 4 	 circle 	 1024 	 768 	 1.16079767166 	 44.445 	 66.667 	 10 	 -4.10403952609 	 -4.10403952609 	 -5.80398835832 	 0.0 	 -4.40357184709 	 -3.72609925523 	 False 	 22 	 11 	23 	6 	13 	20 	16 	9 	2 	15 	19 	21 	17 	7 	8 	3 	18 	14 	22 	1 	4 	11 	5 	24 	10 	12 	0
KR 	 dot-jump 	 False 	 5 	 circle 	 1024 	 768 	 1.16079767166 	 44.445 	 66.667 	 6 	 -5.60622225078 	 1.50218272469 	 2.90199417916 	 5.02640136157 	 -5.49505546731 	 1.16675835265 	 False 	 23 	 8 	22 	24 	2 	20 	19 	21 	5 	4 	23 	7 	8 	11 	9 	18 	3 	16 	13 	10 	12 	17 	15 	14 	1 	6 	0
KR 	 dot-jump 	 False 	 6 	 circle 	 1024 	 768 	 1.16079767166 	 44.445 	 66.667 	 4 	 -4.10403952609 	 4.10403952609 	 -5.02640136157 	 2.90199417916 	 -3.98956081873 	 4.14011028359 	 False 	 11 	 9 	10 	6 	20 	2 	3 	15 	14 	9 	17 	5 	19 	4 	1 	24 	22 	16 	8 	13 	12 	21 	23 	18 	11 	7 	0
KR 	 dot-jump 	 False 	 7 	 circle 	 1024 	 768 	 1.16079767166 	 44.445 	 66.667 	 11 	 -2.90199417916 	 -5.02640136157 	 0.0 	 -5.80398835832 	 -2.97335193094 	 -5.00576970652 	 False 	 4 	 13 	17 	5 	23 	18 	11 	14 	15 	19 	4 	6 	16 	9 	10 	13 	22 	12 	1 	24 	21 	7 	3 	8 	20 	2 	0
KR 	 dot-jump 	 False 	 8 	 circle 	 1024 	 768 	 1.16079767166 	 44.445 	 66.667 	 21 	 5.02640136157 	 2.90199417916 	 -2.90199417916 	 5.02640136157 	 4.85522024166 	 3.1239013958 	 False 	 22 	 12 	23 	12 	16 	13 	19 	17 	22 	15 	11 	9 	20 	18 	3 	24 	10 	2 	8 	4 	7 	5 	6 	14 	21 	1 	0
KR 	 dot-jump 	 False 	 9 	 circle 	 1024 	 768 	 1.16079767166 	 44.445 	 66.667 	 10 	 -4.10403952609 	 -4.10403952609 	 -5.02640136157 	 2.90199417916 	 -4.06483555116 	 -4.10247291737 	 False 	 18 	 10 	24 	19 	20 	18 	22 	21 	11 	23 	4 	7 	5 	13 	6 	17 	15 	9 	16 	8 	10 	2 	14 	3 	12 	1 	0
KR 	 dot-jump 	 False 	 10 	 circle 	 1024 	 768 	 1.16079767166 	 44.445 	 66.667 	 16 	 4.10403952609 	 -4.10403952609 	 4.10403952609 	 -4.10403952609 	 3.95192345251 	 -4.32829711466 	 True 	 16 	 16 	19 	17 	6 	23 	9 	1 	7 	20 	2 	24 	12 	18 	22 	21 	5 	15 	16 	3 	14 	10 	11 	4 	8 	13 	0
KR 	 dot-jump 	 False 	 11 	 circle 	 1024 	 768 	 1.16079767166 	 44.445 	 66.667 	 3 	 -2.90199417916 	 5.02640136157 	 -5.80398835832 	 0.0 	 -3.04862666337 	 5.00576970652 	 False 	 19 	 8 	12 	16 	6 	13 	9 	20 	22 	1 	7 	2 	19 	10 	14 	23 	8 	15 	18 	21 	17 	3 	4 	24 	5 	11 	0
KR 	 dot-jump 	 False 	 12 	 circle 	 1024 	 768 	 1.16079767166 	 44.445 	 66.667 	 2 	 -1.50218272469 	 5.60622225078 	 5.02640136157 	 -2.90199417916 	 -1.65604411343 	 5.98434122809 	 False 	 11 	 15 	16 	20 	23 	11 	15 	19 	24 	14 	9 	13 	1 	2 	3 	18 	12 	17 	8 	22 	7 	6 	21 	4 	10 	5 	0
KR 	 dot-jump 	 False 	 13 	 circle 	 1024 	 768 	 1.16079767166 	 44.445 	 66.667 	 21 	 5.02640136157 	 2.90199417916 	 -2.90199417916 	 -5.02640136157 	 4.74230814302 	 2.74752773365 	 False 	 11 	 9 	1 	6 	14 	17 	16 	10 	24 	22 	20 	11 	13 	21 	9 	12 	23 	18 	2 	5 	7 	15 	19 	8 	4 	3 	0
KR 	 dot-jump 	 False 	 14 	 circle 	 1024 	 768 	 1.16079767166 	 44.445 	 66.667 	 16 	 4.10403952609 	 -4.10403952609 	 5.02640136157 	 -2.90199417916 	 4.1777476498 	 -4.1777476498 	 False 	 1 	 11 	18 	16 	22 	2 	12 	5 	15 	3 	7 	11 	13 	17 	20 	9 	21 	24 	4 	8 	1 	6 	10 	23 	19 	14 	0
KR 	 dot-jump 	 False 	 15 	 circle 	 1024 	 768 	 1.16079767166 	 44.445 	 66.667 	 4 	 -4.10403952609 	 4.10403952609 	 1.50218272469 	 -5.60622225078 	 -4.06483555116 	 4.36593448087 	 False 	 7 	 13 	16 	17 	1 	10 	20 	7 	6 	4 	24 	19 	5 	12 	2 	14 	22 	11 	3 	9 	21 	15 	13 	23 	18 	8 	0
KR 	 dot-jump 	 False 	 16 	 circle 	 1024 	 768 	 1.16079767166 	 44.445 	 66.667 	 20 	 5.60622225078 	 1.50218272469 	 5.02640136157 	 2.90199417916 	 5.87142912945 	 1.73131884586 	 False 	 5 	 14 	4 	19 	8 	24 	2 	20 	6 	14 	10 	23 	11 	22 	16 	5 	21 	18 	12 	1 	13 	3 	17 	7 	15 	9 	0
KR 	 dot-jump 	 False 	 17 	 circle 	 1024 	 768 	 1.16079767166 	 44.445 	 66.667 	 9 	 -5.02640136157 	 -2.90199417916 	 -4.10403952609 	 -4.10403952609 	 -5.41978073488 	 -2.78516509987 	 False 	 5 	 12 	2 	21 	24 	20 	13 	9 	5 	3 	1 	12 	14 	11 	10 	19 	18 	7 	16 	4 	8 	15 	23 	22 	6 	17 	0
KR 	 dot-jump 	 False 	 18 	 circle 	 1024 	 768 	 1.16079767166 	 44.445 	 66.667 	 2 	 -1.50218272469 	 5.60622225078 	 -1.50218272469 	 -5.60622225078 	 -1.54313201479 	 5.75851703081 	 False 	 12 	 14 	17 	15 	21 	19 	20 	9 	4 	24 	14 	10 	1 	7 	2 	22 	12 	11 	18 	13 	16 	5 	3 	6 	23 	8 	0
KR 	 dot-jump 	 False 	 19 	 circle 	 1024 	 768 	 1.16079767166 	 44.445 	 66.667 	 21 	 5.02640136157 	 2.90199417916 	 2.90199417916 	 5.02640136157 	 5.11868180516 	 3.3873629593 	 False 	 4 	 9 	17 	15 	19 	8 	21 	16 	9 	11 	10 	23 	14 	5 	18 	1 	22 	24 	3 	20 	7 	12 	4 	13 	6 	2 	0
KR 	 dot-jump 	 False 	 20 	 circle 	 1024 	 768 	 1.16079767166 	 44.445 	 66.667 	 3 	 -2.90199417916 	 5.02640136157 	 5.60622225078 	 -1.50218272469 	 -2.82280246608 	 5.30686863623 	 False 	 22 	 16 	10 	11 	4 	6 	5 	7 	9 	15 	24 	2 	19 	14 	1 	16 	20 	8 	18 	12 	17 	13 	21 	23 	3 	22 	0
KR 	 dot-jump 	 False 	 21 	 circle 	 1024 	 768 	 1.16079767166 	 44.445 	 66.667 	 14 	 1.50218272469 	 -5.60622225078 	 0.0 	 5.80398835832 	 1.43021991615 	 -5.94670386188 	 False 	 16 	 11 	19 	8 	10 	11 	13 	7 	23 	4 	16 	12 	22 	1 	17 	3 	9 	6 	14 	21 	18 	15 	20 	24 	5 	2 	0
KR 	 dot-jump 	 False 	 22 	 circle 	 1024 	 768 	 1.16079767166 	 44.445 	 66.667 	 21 	 5.02640136157 	 2.90199417916 	 1.50218272469 	 -5.60622225078 	 4.89285760787 	 3.16153876201 	 False 	 8 	 10 	20 	9 	24 	8 	7 	10 	17 	12 	21 	13 	14 	23 	22 	2 	18 	16 	3 	11 	19 	6 	1 	4 	15 	5 	0
KR 	 dot-jump 	 False 	 23 	 circle 	 1024 	 768 	 1.16079767166 	 44.445 	 66.667 	 22 	 4.10403952609 	 4.10403952609 	 -5.60622225078 	 1.50218272469 	 3.87664872009 	 4.10247291737 	 False 	 6 	 12 	2 	7 	14 	13 	8 	16 	22 	3 	17 	1 	23 	19 	6 	12 	4 	11 	9 	10 	5 	15 	21 	20 	24 	18 	0
KR 	 dot-jump 	 False 	 24 	 circle 	 1024 	 768 	 1.16079767166 	 44.445 	 66.667 	 11 	 -2.90199417916 	 -5.02640136157 	 -2.90199417916 	 -5.02640136157 	 -3.27445086065 	 -4.85522024166 	 True 	 15 	 15 	17 	18 	2 	24 	16 	19 	14 	23 	22 	21 	7 	6 	8 	13 	1 	11 	15 	20 	3 	12 	9 	5 	4 	10 	0
KR 	 dot-jump 	 False 	 25 	 circle 	 1024 	 768 	 1.16079767166 	 44.445 	 66.667 	 12 	 -1.50218272469 	 -5.60622225078 	 -5.02640136157 	 -2.90199417916 	 -1.99478040936 	 -5.60796756595 	 False 	 7 	 8 	15 	16 	1 	13 	11 	2 	20 	12 	9 	5 	4 	3 	6 	24 	10 	23 	22 	18 	19 	7 	17 	21 	14 	8 	0
KR 	 dot-jump 	 False 	 26 	 circle 	 1024 	 768 	 1.16079767166 	 44.445 	 66.667 	 15 	 2.90199417916 	 -5.02640136157 	 0.0 	 -5.80398835832 	 3.01098929715 	 -4.77994550923 	 False 	 12 	 13 	16 	20 	4 	2 	24 	22 	1 	12 	19 	6 	14 	17 	15 	13 	9 	3 	7 	23 	18 	10 	5 	11 	8 	21 	0
KR 	 dot-jump 	 False 	 27 	 circle 	 1024 	 768 	 1.16079767166 	 44.445 	 66.667 	 6 	 -5.60622225078 	 1.50218272469 	 -5.60622225078 	 1.50218272469 	 -5.60796756595 	 1.43021991615 	 True 	 14 	 14 	11 	2 	24 	8 	3 	21 	23 	5 	12 	10 	18 	9 	4 	7 	6 	13 	19 	14 	20 	17 	16 	22 	1 	15 	0
KR 	 dot-jump 	 False 	 28 	 circle 	 1024 	 768 	 1.16079767166 	 44.445 	 66.667 	 23 	 2.90199417916 	 5.02640136157 	 4.10403952609 	 4.10403952609 	 2.70989036744 	 4.81758287545 	 False 	 20 	 11 	13 	1 	10 	14 	2 	3 	7 	16 	24 	4 	17 	22 	9 	21 	5 	15 	18 	19 	11 	12 	23 	6 	20 	8 	0
KR 	 dot-jump 	 False 	 29 	 circle 	 1024 	 768 	 1.16079767166 	 44.445 	 66.667 	 14 	 1.50218272469 	 -5.60622225078 	 0.0 	 -5.80398835832 	 1.50549464858 	 -5.64560493216 	 False 	 6 	 9 	16 	11 	1 	20 	2 	5 	14 	10 	9 	13 	4 	7 	19 	15 	23 	21 	18 	6 	12 	8 	17 	24 	3 	22 	0
KR 	 dot-jump 	 False 	 30 	 circle 	 1024 	 768 	 1.16079767166 	 44.445 	 66.667 	 1 	 0.0 	 5.80398835832 	 0.0 	 5.80398835832 	 0.188186831072 	 5.72087966459 	 True 	 8 	 8 	19 	24 	6 	5 	13 	18 	2 	10 	1 	11 	7 	20 	15 	4 	14 	16 	23 	3 	17 	21 	22 	8 	12 	9 	0
KR 	 dot-jump 	 False 	 31 	 circle 	 1024 	 768 	 1.16079767166 	 44.445 	 66.667 	 9 	 -5.02640136157 	 -2.90199417916 	 -5.02640136157 	 -2.90199417916 	 -5.15631917138 	 -2.89807719851 	 True 	 13 	 13 	13 	24 	6 	1 	21 	8 	17 	22 	10 	11 	5 	4 	15 	9 	14 	16 	19 	3 	23 	12 	20 	18 	7 	2 	0
KR 	 dot-jump 	 False 	 32 	 circle 	 1024 	 768 	 1.16079767166 	 44.445 	 66.667 	 21 	 5.02640136157 	 2.90199417916 	 -5.60622225078 	 -1.50218272469 	 5.04340707273 	 2.93571456472 	 False 	 11 	 12 	14 	10 	18 	15 	13 	4 	2 	6 	7 	23 	16 	21 	8 	17 	19 	11 	22 	20 	1 	5 	9 	24 	12 	3 	0
KR 	 dot-jump 	 False 	 33 	 circle 	 1024 	 768 	 1.16079767166 	 44.445 	 66.667 	 5 	 -5.02640136157 	 2.90199417916 	 2.90199417916 	 -5.02640136157 	 -5.19395653759 	 2.74752773365 	 False 	 9 	 10 	17 	24 	19 	8 	6 	18 	23 	12 	22 	5 	15 	20 	16 	2 	4 	1 	21 	7 	3 	9 	14 	11 	10 	13 	0
KR 	 dot-jump 	 False 	 34 	 circle 	 1024 	 768 	 1.16079767166 	 44.445 	 66.667 	 4 	 -4.10403952609 	 4.10403952609 	 -2.90199417916 	 5.02640136157 	 -3.68846188901 	 4.29065974844 	 False 	 13 	 16 	24 	19 	5 	6 	7 	13 	17 	1 	14 	23 	12 	10 	2 	4 	15 	9 	3 	22 	16 	11 	20 	18 	8 	21 	0
KR 	 dot-jump 	 False 	 35 	 circle 	 1024 	 768 	 1.16079767166 	 44.445 	 66.667 	 2 	 -1.50218272469 	 5.60622225078 	 0.0 	 5.80398835832 	 -1.50549464858 	 5.79615439702 	 False 	 13 	 15 	4 	10 	15 	24 	6 	17 	13 	12 	21 	9 	14 	8 	19 	2 	7 	1 	16 	23 	3 	18 	20 	5 	11 	22 	0
KR 	 dot-jump 	 False 	 36 	 circle 	 1024 	 768 	 1.16079767166 	 44.445 	 66.667 	 2 	 -1.50218272469 	 5.60622225078 	 0.0 	 5.80398835832 	 -1.99478040936 	 5.57033019973 	 False 	 11 	 12 	16 	12 	11 	23 	14 	20 	13 	21 	17 	18 	22 	2 	1 	10 	19 	6 	9 	4 	3 	24 	7 	15 	5 	8 	0
KR 	 dot-jump 	 False 	 37 	 circle 	 1024 	 768 	 1.16079767166 	 44.445 	 66.667 	 23 	 2.90199417916 	 5.02640136157 	 -4.10403952609 	 -4.10403952609 	 3.04862666337 	 5.04340707273 	 False 	 2 	 8 	8 	1 	23 	13 	12 	22 	18 	17 	10 	2 	3 	11 	14 	5 	9 	16 	4 	19 	20 	15 	7 	24 	21 	6 	0
KR 	 dot-jump 	 False 	 38 	 circle 	 1024 	 768 	 1.16079767166 	 44.445 	 66.667 	 24 	 1.50218272469 	 5.60622225078 	 5.80398835832 	 0.0 	 1.99478040936 	 5.38214336866 	 False 	 13 	 14 	16 	18 	8 	21 	23 	11 	4 	2 	6 	10 	14 	22 	13 	24 	19 	17 	12 	15 	7 	20 	3 	5 	1 	9 	0
KR 	 dot-jump 	 False 	 39 	 circle 	 1024 	 768 	 1.16079767166 	 44.445 	 66.667 	 3 	 -2.90199417916 	 5.02640136157 	 -5.02640136157 	 -2.90199417916 	 -2.70989036744 	 5.04340707273 	 False 	 16 	 13 	12 	24 	14 	4 	23 	1 	11 	8 	2 	21 	22 	15 	20 	9 	7 	19 	3 	13 	18 	17 	10 	6 	16 	5 	0
KR 	 dot-jump 	 False 	 40 	 circle 	 1024 	 768 	 1.16079767166 	 44.445 	 66.667 	 23 	 2.90199417916 	 5.02640136157 	 2.90199417916 	 5.02640136157 	 2.67225300122 	 4.93049497409 	 True 	 10 	 10 	10 	1 	16 	14 	8 	3 	17 	11 	18 	6 	23 	21 	12 	19 	2 	9 	24 	13 	4 	15 	20 	5 	7 	22 	0
KR 	 dot-jump 	 False 	 41 	 circle 	 1024 	 768 	 1.16079767166 	 44.445 	 66.667 	 4 	 -4.10403952609 	 4.10403952609 	 5.60622225078 	 -1.50218272469 	 -3.87664872009 	 4.10247291737 	 False 	 4 	 9 	5 	13 	19 	16 	4 	2 	10 	8 	15 	18 	17 	11 	20 	23 	7 	12 	24 	14 	22 	9 	1 	21 	3 	6 	0
KR 	 dot-jump 	 False 	 42 	 circle 	 1024 	 768 	 1.16079767166 	 44.445 	 66.667 	 22 	 4.10403952609 	 4.10403952609 	 5.02640136157 	 -2.90199417916 	 4.21538501602 	 4.40357184709 	 False 	 6 	 11 	15 	8 	13 	14 	19 	20 	22 	12 	21 	5 	23 	17 	18 	7 	16 	6 	10 	1 	24 	9 	11 	4 	3 	2 	0
KR 	 dot-jump 	 False 	 43 	 circle 	 1024 	 768 	 1.16079767166 	 44.445 	 66.667 	 21 	 5.02640136157 	 2.90199417916 	 4.10403952609 	 4.10403952609 	 5.2315939038 	 2.93571456472 	 False 	 19 	 16 	19 	10 	17 	5 	12 	3 	1 	11 	9 	8 	18 	13 	16 	2 	20 	6 	22 	23 	7 	21 	15 	4 	14 	24 	0
KR 	 dot-jump 	 False 	 44 	 circle 	 1024 	 768 	 1.16079767166 	 44.445 	 66.667 	 20 	 5.60622225078 	 1.50218272469 	 5.02640136157 	 -2.90199417916 	 5.83379176324 	 1.76895621208 	 False 	 16 	 15 	4 	24 	3 	1 	7 	10 	8 	21 	19 	6 	14 	18 	22 	23 	13 	17 	20 	12 	16 	5 	11 	2 	15 	9 	0
KR 	 dot-jump 	 False 	 45 	 circle 	 1024 	 768 	 1.16079767166 	 44.445 	 66.667 	 5 	 -5.02640136157 	 2.90199417916 	 -5.02640136157 	 2.90199417916 	 -4.7046707768 	 2.97335193094 	 True 	 14 	 14 	7 	21 	2 	22 	13 	1 	14 	15 	24 	23 	9 	3 	6 	4 	5 	20 	11 	16 	18 	10 	12 	17 	8 	19 	0
KR 	 dot-jump 	 False 	 46 	 circle 	 1024 	 768 	 1.16079767166 	 44.445 	 66.667 	 23 	 2.90199417916 	 5.02640136157 	 0.0 	 5.80398835832 	 3.01098929715 	 5.34450600245 	 False 	 14 	 15 	2 	12 	15 	8 	5 	16 	14 	17 	24 	20 	3 	21 	11 	19 	23 	1 	7 	18 	6 	22 	13 	4 	9 	10 	0
KR 	 dot-jump 	 False 	 47 	 circle 	 1024 	 768 	 1.16079767166 	 44.445 	 66.667 	 23 	 2.90199417916 	 5.02640136157 	 -5.80398835832 	 0.0 	 2.89807719851 	 5.26923127002 	 False 	 21 	 9 	19 	16 	14 	10 	12 	24 	21 	20 	17 	7 	8 	1 	3 	4 	22 	5 	18 	2 	13 	15 	9 	23 	6 	11 	0
KR 	 dot-jump 	 False 	 48 	 circle 	 1024 	 768 	 1.16079767166 	 44.445 	 66.667 	 10 	 -4.10403952609 	 -4.10403952609 	 5.60622225078 	 1.50218272469 	 -3.95192345251 	 -4.32829711466 	 False 	 18 	 16 	14 	2 	15 	16 	18 	19 	24 	21 	17 	23 	5 	3 	6 	7 	11 	13 	20 	9 	10 	4 	22 	1 	8 	12 	0
KR 	 dot-jump 	 False 	 49 	 circle 	 1024 	 768 	 1.16079767166 	 44.445 	 66.667 	 11 	 -2.90199417916 	 -5.02640136157 	 5.60622225078 	 -1.50218272469 	 -3.23681349444 	 -5.19395653759 	 False 	 16 	 12 	16 	20 	17 	5 	6 	7 	13 	8 	23 	10 	4 	24 	18 	12 	22 	2 	11 	15 	1 	21 	19 	9 	3 	14 	0
KR 	 dot-jump 	 False 	 50 	 circle 	 1024 	 768 	 1.16079767166 	 44.445 	 66.667 	 12 	 -1.50218272469 	 -5.60622225078 	 2.90199417916 	 5.02640136157 	 -1.35494518372 	 -5.11868180516 	 False 	 23 	 11 	21 	14 	10 	6 	11 	4 	22 	5 	18 	3 	1 	23 	9 	13 	2 	15 	7 	20 	16 	17 	19 	8 	24 	12 	0
KR 	 dot-jump 	 False 	 51 	 circle 	 1024 	 768 	 1.16079767166 	 44.445 	 66.667 	 23 	 2.90199417916 	 5.02640136157 	 2.90199417916 	 5.02640136157 	 3.31208822687 	 5.38214336866 	 True 	 8 	 8 	22 	13 	21 	12 	5 	1 	11 	19 	23 	24 	9 	10 	14 	6 	15 	3 	20 	17 	4 	7 	2 	8 	16 	18 	0
KR 	 dot-jump 	 False 	 52 	 circle 	 1024 	 768 	 1.16079767166 	 44.445 	 66.667 	 7 	 -5.80398835832 	 0.0 	 -5.80398835832 	 0.0 	 -5.57033019973 	 -0.225824197287 	 True 	 13 	 13 	24 	18 	12 	11 	5 	23 	20 	21 	1 	8 	4 	13 	10 	7 	22 	6 	3 	17 	16 	19 	15 	9 	2 	14 	0
KR 	 dot-jump 	 False 	 53 	 circle 	 1024 	 768 	 1.16079767166 	 44.445 	 66.667 	 6 	 -5.60622225078 	 1.50218272469 	 -5.80398835832 	 0.0 	 -5.53269283352 	 1.69368147965 	 False 	 20 	 10 	9 	23 	3 	12 	8 	4 	10 	14 	11 	17 	7 	22 	15 	24 	18 	21 	5 	2 	19 	13 	6 	16 	1 	20 	0
KR 	 dot-jump 	 False 	 54 	 circle 	 1024 	 768 	 1.16079767166 	 44.445 	 66.667 	 3 	 -2.90199417916 	 5.02640136157 	 -5.80398835832 	 0.0 	 -3.08626402958 	 4.81758287545 	 False 	 21 	 15 	11 	4 	8 	22 	17 	5 	20 	23 	9 	19 	1 	16 	6 	21 	13 	7 	24 	2 	10 	15 	18 	3 	12 	14 	0
KR 	 dot-jump 	 False 	 55 	 circle 	 1024 	 768 	 1.16079767166 	 44.445 	 66.667 	 23 	 2.90199417916 	 5.02640136157 	 4.10403952609 	 -4.10403952609 	 2.74752773365 	 4.89285760787 	 False 	 11 	 16 	12 	9 	1 	14 	7 	11 	21 	2 	4 	3 	6 	23 	13 	18 	20 	24 	16 	17 	15 	8 	5 	19 	10 	22 	0
KR 	 dot-jump 	 False 	 56 	 circle 	 1024 	 768 	 1.16079767166 	 44.445 	 66.667 	 1 	 0.0 	 5.80398835832 	 -5.80398835832 	 0.0 	 -0.0376373662144 	 5.64560493216 	 False 	 15 	 10 	10 	19 	11 	17 	24 	18 	3 	9 	20 	16 	7 	2 	14 	15 	8 	1 	12 	23 	6 	5 	13 	21 	22 	4 	0
KR 	 dot-jump 	 False 	 57 	 circle 	 1024 	 768 	 1.16079767166 	 44.445 	 66.667 	 21 	 5.02640136157 	 2.90199417916 	 5.02640136157 	 2.90199417916 	 5.00576970652 	 2.89807719851 	 True 	 14 	 14 	16 	4 	17 	23 	5 	19 	7 	9 	24 	22 	14 	15 	6 	20 	21 	13 	12 	1 	2 	11 	10 	8 	18 	3 	0
KR 	 dot-jump 	 False 	 58 	 circle 	 1024 	 768 	 1.16079767166 	 44.445 	 66.667 	 14 	 1.50218272469 	 -5.60622225078 	 2.90199417916 	 5.02640136157 	 1.76895621208 	 -5.57033019973 	 False 	 2 	 8 	10 	8 	14 	24 	11 	20 	13 	15 	23 	22 	9 	7 	6 	21 	18 	2 	16 	4 	17 	5 	12 	19 	3 	1 	0
KR 	 dot-jump 	 False 	 59 	 circle 	 1024 	 768 	 1.16079767166 	 44.445 	 66.667 	 16 	 4.10403952609 	 -4.10403952609 	 2.90199417916 	 -5.02640136157 	 4.02719818494 	 -4.36593448087 	 False 	 4 	 9 	12 	6 	9 	14 	16 	21 	2 	17 	23 	15 	22 	5 	24 	3 	1 	13 	10 	19 	4 	18 	20 	7 	11 	8 	0
KR 	 dot-jump 	 False 	 60 	 circle 	 1024 	 768 	 1.16079767166 	 44.445 	 66.667 	 24 	 1.50218272469 	 5.60622225078 	 -5.02640136157 	 2.90199417916 	 1.88186831072 	 5.45741810109 	 False 	 13 	 12 	16 	23 	6 	1 	17 	2 	4 	19 	21 	20 	14 	13 	5 	24 	18 	11 	12 	15 	9 	3 	8 	22 	10 	7 	0
KR 	 dot-jump 	 False 	 61 	 circle 	 1024 	 768 	 1.16079767166 	 44.445 	 66.667 	 3 	 -2.90199417916 	 5.02640136157 	 1.50218272469 	 -5.60622225078 	 -2.8604398323 	 4.93049497409 	 False 	 10 	 11 	12 	6 	20 	22 	24 	9 	23 	4 	15 	1 	3 	14 	11 	16 	13 	21 	17 	2 	7 	5 	8 	10 	19 	18 	0
KR 	 dot-jump 	 False 	 62 	 circle 	 1024 	 768 	 1.16079767166 	 44.445 	 66.667 	 15 	 2.90199417916 	 -5.02640136157 	 0.0 	 5.80398835832 	 3.27445086065 	 -5.15631917138 	 False 	 8 	 13 	21 	19 	12 	16 	4 	2 	18 	5 	15 	6 	14 	10 	24 	1 	8 	22 	11 	13 	20 	7 	3 	17 	23 	9 	0
KR 	 dot-jump 	 False 	 63 	 circle 	 1024 	 768 	 1.16079767166 	 44.445 	 66.667 	 21 	 5.02640136157 	 2.90199417916 	 -5.02640136157 	 2.90199417916 	 5.04340707273 	 2.97335193094 	 False 	 0 	 14 	21 	2 	6 	24 	12 	1 	23 	13 	3 	4 	18 	15 	11 	22 	5 	17 	9 	14 	10 	20 	8 	7 	19 	16 	0
KR 	 dot-jump 	 False 	 64 	 circle 	 1024 	 768 	 1.16079767166 	 44.445 	 66.667 	 5 	 -5.02640136157 	 2.90199417916 	 -4.10403952609 	 4.10403952609 	 -5.11868180516 	 2.82280246608 	 False 	 22 	 15 	18 	17 	2 	24 	20 	1 	10 	16 	21 	8 	13 	22 	14 	23 	7 	4 	15 	19 	9 	11 	3 	6 	5 	12 	0
KR 	 dot-jump 	 False 	 65 	 circle 	 1024 	 768 	 1.16079767166 	 44.445 	 66.667 	 2 	 -1.50218272469 	 5.60622225078 	 0.0 	 -5.80398835832 	 -1.43021991615 	 5.83379176324 	 False 	 17 	 9 	14 	15 	12 	23 	21 	9 	8 	3 	20 	13 	7 	24 	5 	11 	19 	18 	16 	2 	6 	17 	10 	4 	22 	1 	0
KR 	 dot-jump 	 False 	 66 	 circle 	 1024 	 768 	 1.16079767166 	 44.445 	 66.667 	 24 	 1.50218272469 	 5.60622225078 	 2.90199417916 	 5.02640136157 	 1.54313201479 	 5.72087966459 	 False 	 11 	 13 	19 	5 	9 	10 	11 	4 	20 	3 	21 	6 	17 	24 	18 	23 	1 	13 	22 	2 	8 	12 	14 	15 	16 	7 	0
KR 	 dot-jump 	 False 	 67 	 circle 	 1024 	 768 	 1.16079767166 	 44.445 	 66.667 	 21 	 5.02640136157 	 2.90199417916 	 -2.90199417916 	 -5.02640136157 	 5.2315939038 	 3.1239013958 	 False 	 15 	 11 	20 	1 	8 	13 	3 	2 	15 	23 	12 	22 	10 	11 	18 	5 	6 	21 	24 	7 	14 	4 	19 	9 	16 	17 	0
KR 	 dot-jump 	 False 	 68 	 circle 	 1024 	 768 	 1.16079767166 	 44.445 	 66.667 	 11 	 -2.90199417916 	 -5.02640136157 	 -2.90199417916 	 -5.02640136157 	 -2.97335193094 	 -5.15631917138 	 True 	 12 	 12 	15 	6 	1 	8 	13 	5 	3 	20 	23 	19 	18 	10 	11 	7 	17 	12 	2 	21 	22 	16 	24 	4 	14 	9 	0
KR 	 dot-jump 	 False 	 69 	 circle 	 1024 	 768 	 1.16079767166 	 44.445 	 66.667 	 2 	 -1.50218272469 	 5.60622225078 	 5.60622225078 	 1.50218272469 	 -1.35494518372 	 5.64560493216 	 False 	 4 	 10 	4 	12 	23 	13 	2 	8 	11 	3 	22 	21 	20 	17 	19 	9 	24 	14 	15 	7 	18 	6 	10 	1 	16 	5 	0
KR 	 dot-jump 	 False 	 70 	 circle 	 1024 	 768 	 1.16079767166 	 44.445 	 66.667 	 3 	 -2.90199417916 	 5.02640136157 	 -1.50218272469 	 5.60622225078 	 -2.82280246608 	 4.89285760787 	 False 	 18 	 8 	4 	16 	9 	15 	6 	20 	5 	11 	2 	7 	21 	17 	18 	8 	23 	24 	19 	10 	3 	14 	13 	1 	12 	22 	0
KR 	 dot-jump 	 False 	 71 	 circle 	 1024 	 768 	 1.16079767166 	 44.445 	 66.667 	 16 	 4.10403952609 	 -4.10403952609 	 -4.10403952609 	 -4.10403952609 	 4.47884657952 	 -4.32829711466 	 False 	 17 	 16 	20 	5 	18 	12 	7 	1 	9 	13 	4 	23 	22 	19 	14 	8 	21 	17 	10 	16 	15 	11 	24 	3 	6 	2 	0
KR 	 dot-jump 	 False 	 72 	 circle 	 1024 	 768 	 1.16079767166 	 44.445 	 66.667 	 23 	 2.90199417916 	 5.02640136157 	 -5.02640136157 	 2.90199417916 	 3.1239013958 	 5.08104443895 	 False 	 9 	 12 	11 	7 	3 	1 	12 	4 	24 	16 	21 	23 	6 	15 	5 	14 	22 	10 	13 	9 	8 	2 	18 	19 	20 	17 	0
KR 	 dot-jump 	 False 	 73 	 circle 	 1024 	 768 	 1.16079767166 	 44.445 	 66.667 	 1 	 0.0 	 5.80398835832 	 5.60622225078 	 1.50218272469 	 -0.33873629593 	 5.87142912945 	 False 	 14 	 15 	4 	17 	21 	9 	10 	16 	23 	8 	15 	14 	11 	6 	19 	13 	1 	20 	12 	24 	18 	2 	5 	7 	22 	3 	0
KR 	 dot-jump 	 False 	 74 	 circle 	 1024 	 768 	 1.16079767166 	 44.445 	 66.667 	 2 	 -1.50218272469 	 5.60622225078 	 0.0 	 5.80398835832 	 -1.58076938101 	 5.75851703081 	 False 	 19 	 11 	17 	4 	9 	19 	3 	24 	20 	21 	11 	7 	18 	1 	14 	15 	16 	12 	22 	23 	10 	2 	6 	5 	13 	8 	0
KR 	 dot-jump 	 False 	 75 	 circle 	 1024 	 768 	 1.16079767166 	 44.445 	 66.667 	 4 	 -4.10403952609 	 4.10403952609 	 0.0 	 -5.80398835832 	 -3.83901135387 	 4.10247291737 	 False 	 19 	 16 	11 	12 	10 	2 	6 	9 	15 	24 	5 	17 	1 	18 	3 	7 	23 	19 	13 	20 	21 	4 	14 	22 	16 	8 	0
KR 	 dot-jump 	 False 	 76 	 circle 	 1024 	 768 	 1.16079767166 	 44.445 	 66.667 	 10 	 -4.10403952609 	 -4.10403952609 	 -2.90199417916 	 -5.02640136157 	 -4.47884657952 	 -4.47884657952 	 False 	 5 	 13 	4 	8 	6 	18 	20 	10 	15 	1 	19 	21 	7 	5 	17 	11 	12 	9 	22 	3 	2 	13 	24 	16 	14 	23 	0
KR 	 dot-jump 	 False 	 77 	 circle 	 1024 	 768 	 1.16079767166 	 44.445 	 66.667 	 3 	 -2.90199417916 	 5.02640136157 	 0.0 	 5.80398835832 	 -2.5969782688 	 5.26923127002 	 False 	 12 	 9 	17 	5 	18 	14 	6 	11 	4 	12 	22 	1 	2 	21 	3 	8 	24 	9 	19 	16 	10 	23 	20 	7 	15 	13 	0
KR 	 dot-jump 	 False 	 78 	 circle 	 1024 	 768 	 1.16079767166 	 44.445 	 66.667 	 23 	 2.90199417916 	 5.02640136157 	 5.02640136157 	 -2.90199417916 	 2.8604398323 	 5.2315939038 	 False 	 6 	 10 	14 	11 	5 	22 	1 	21 	23 	2 	6 	12 	17 	19 	24 	7 	18 	8 	10 	16 	3 	15 	13 	20 	4 	9 	0
KR 	 dot-jump 	 False 	 79 	 circle 	 1024 	 768 	 1.16079767166 	 44.445 	 66.667 	 20 	 5.60622225078 	 1.50218272469 	 -5.60622225078 	 -1.50218272469 	 5.90906649566 	 1.053846254 	 False 	 7 	 8 	17 	5 	19 	15 	16 	12 	1 	20 	8 	11 	10 	14 	13 	2 	21 	23 	24 	9 	7 	6 	18 	3 	22 	4 	0
KR 	 dot-jump 	 False 	 80 	 circle 	 1024 	 768 	 1.16079767166 	 44.445 	 66.667 	 7 	 -5.80398835832 	 0.0 	 -5.80398835832 	 0.0 	 -5.68324229838 	 -0.188186831072 	 True 	 14 	 14 	6 	12 	9 	17 	16 	23 	3 	21 	2 	24 	13 	19 	4 	14 	7 	5 	15 	18 	10 	20 	1 	11 	8 	22 	0
KR 	 dot-jump 	 False 	 81 	 circle 	 1024 	 768 	 1.16079767166 	 44.445 	 66.667 	 22 	 4.10403952609 	 4.10403952609 	 0.0 	 -5.80398835832 	 4.25302238223 	 4.36593448087 	 False 	 3 	 11 	17 	6 	12 	22 	5 	24 	10 	3 	8 	7 	21 	13 	16 	19 	4 	18 	1 	15 	2 	14 	9 	20 	23 	11 	0
KR 	 dot-jump 	 False 	 82 	 circle 	 1024 	 768 	 1.16079767166 	 44.445 	 66.667 	 13 	 0.0 	 -5.80398835832 	 0.0 	 -5.80398835832 	 -0.112912098643 	 -5.72087966459 	 True 	 13 	 13 	3 	6 	21 	15 	11 	5 	4 	16 	18 	8 	7 	9 	19 	13 	10 	23 	24 	22 	14 	20 	2 	1 	17 	12 	0
KR 	 dot-jump 	 False 	 83 	 circle 	 1024 	 768 	 1.16079767166 	 44.445 	 66.667 	 3 	 -2.90199417916 	 5.02640136157 	 5.02640136157 	 2.90199417916 	 -2.8604398323 	 4.81758287545 	 False 	 17 	 14 	11 	14 	6 	16 	23 	8 	15 	24 	1 	18 	10 	22 	20 	4 	21 	2 	19 	3 	13 	9 	7 	17 	5 	12 	0
KR 	 dot-jump 	 False 	 84 	 circle 	 1024 	 768 	 1.16079767166 	 44.445 	 66.667 	 22 	 4.10403952609 	 4.10403952609 	 -4.10403952609 	 -4.10403952609 	 3.98956081873 	 4.10247291737 	 False 	 6 	 10 	2 	4 	17 	16 	1 	7 	22 	5 	12 	23 	10 	9 	19 	20 	15 	18 	6 	3 	13 	11 	14 	8 	24 	21 	0
KR 	 dot-jump 	 False 	 85 	 circle 	 1024 	 768 	 1.16079767166 	 44.445 	 66.667 	 12 	 -1.50218272469 	 -5.60622225078 	 -2.90199417916 	 5.02640136157 	 -1.65604411343 	 -5.49505546731 	 False 	 19 	 8 	17 	9 	4 	16 	11 	15 	8 	10 	3 	2 	7 	13 	20 	6 	18 	19 	24 	23 	1 	12 	14 	5 	21 	22 	0
KR 	 dot-jump 	 False 	 86 	 circle 	 1024 	 768 	 1.16079767166 	 44.445 	 66.667 	 4 	 -4.10403952609 	 4.10403952609 	 -2.90199417916 	 5.02640136157 	 -4.21538501602 	 4.10247291737 	 False 	 5 	 15 	8 	19 	1 	22 	9 	4 	17 	14 	2 	16 	11 	12 	21 	24 	15 	3 	7 	20 	6 	13 	10 	18 	5 	23 	0
KR 	 dot-jump 	 False 	 87 	 circle 	 1024 	 768 	 1.16079767166 	 44.445 	 66.667 	 23 	 2.90199417916 	 5.02640136157 	 1.50218272469 	 5.60622225078 	 3.3873629593 	 5.2315939038 	 False 	 6 	 16 	5 	16 	8 	14 	11 	19 	23 	4 	18 	10 	7 	6 	9 	3 	21 	15 	24 	13 	1 	20 	22 	2 	17 	12 	0
KR 	 dot-jump 	 False 	 88 	 circle 	 1024 	 768 	 1.16079767166 	 44.445 	 66.667 	 3 	 -2.90199417916 	 5.02640136157 	 0.0 	 5.80398835832 	 -2.5969782688 	 4.9681323403 	 False 	 6 	 9 	7 	19 	12 	13 	24 	5 	3 	4 	21 	1 	14 	2 	23 	9 	20 	16 	22 	15 	18 	11 	6 	10 	17 	8 	0
KR 	 dot-jump 	 False 	 89 	 circle 	 1024 	 768 	 1.16079767166 	 44.445 	 66.667 	 3 	 -2.90199417916 	 5.02640136157 	 -1.50218272469 	 5.60622225078 	 -2.63461563501 	 5.2315939038 	 False 	 3 	 12 	23 	16 	19 	3 	11 	8 	24 	6 	4 	17 	5 	18 	2 	15 	10 	12 	13 	20 	7 	9 	22 	14 	21 	1 	0
KR 	 dot-jump 	 False 	 90 	 circle 	 1024 	 768 	 1.16079767166 	 44.445 	 66.667 	 6 	 -5.60622225078 	 1.50218272469 	 -5.60622225078 	 1.50218272469 	 -5.49505546731 	 1.16675835265 	 True 	 14 	 14 	9 	10 	2 	21 	18 	1 	19 	3 	22 	13 	8 	17 	7 	14 	6 	5 	12 	15 	24 	20 	16 	23 	11 	4 	0
KR 	 dot-jump 	 False 	 91 	 circle 	 1024 	 768 	 1.16079767166 	 44.445 	 66.667 	 3 	 -2.90199417916 	 5.02640136157 	 2.90199417916 	 -5.02640136157 	 -2.82280246608 	 4.9681323403 	 False 	 13 	 12 	10 	21 	23 	13 	1 	5 	22 	8 	14 	4 	17 	6 	15 	3 	12 	11 	9 	2 	20 	24 	18 	19 	16 	7 	0
KR 	 dot-jump 	 False 	 92 	 circle 	 1024 	 768 	 1.16079767166 	 44.445 	 66.667 	 22 	 4.10403952609 	 4.10403952609 	 5.60622225078 	 1.50218272469 	 4.62939604437 	 4.25302238223 	 False 	 8 	 11 	19 	23 	6 	1 	9 	21 	15 	13 	22 	3 	12 	20 	14 	2 	24 	7 	8 	10 	4 	5 	17 	18 	16 	11 	0
KR 	 dot-jump 	 False 	 93 	 circle 	 1024 	 768 	 1.16079767166 	 44.445 	 66.667 	 15 	 2.90199417916 	 -5.02640136157 	 -2.90199417916 	 5.02640136157 	 2.70989036744 	 -5.19395653759 	 False 	 12 	 13 	5 	17 	22 	20 	19 	7 	11 	6 	12 	1 	23 	14 	15 	3 	4 	9 	2 	8 	21 	16 	24 	13 	18 	10 	0
KR 	 dot-jump 	 False 	 94 	 circle 	 1024 	 768 	 1.16079767166 	 44.445 	 66.667 	 11 	 -2.90199417916 	 -5.02640136157 	 -1.50218272469 	 5.60622225078 	 -2.55934090258 	 -4.89285760787 	 False 	 22 	 10 	12 	24 	22 	8 	3 	16 	19 	10 	6 	21 	2 	13 	9 	7 	20 	18 	14 	15 	1 	23 	17 	4 	11 	5 	0
KR 	 dot-jump 	 False 	 95 	 circle 	 1024 	 768 	 1.16079767166 	 44.445 	 66.667 	 24 	 1.50218272469 	 5.60622225078 	 0.0 	 5.80398835832 	 1.54313201479 	 5.72087966459 	 False 	 19 	 15 	4 	18 	3 	12 	17 	9 	11 	21 	6 	14 	15 	16 	22 	2 	10 	1 	13 	19 	7 	24 	5 	20 	23 	8 	0
KR 	 dot-jump 	 False 	 96 	 circle 	 1024 	 768 	 1.16079767166 	 44.445 	 66.667 	 22 	 4.10403952609 	 4.10403952609 	 1.50218272469 	 5.60622225078 	 3.76373662144 	 4.32829711466 	 False 	 14 	 16 	8 	12 	13 	23 	3 	15 	10 	16 	17 	20 	7 	1 	19 	21 	22 	14 	24 	11 	4 	9 	5 	2 	6 	18 	0
KR 	 dot-jump 	 False 	 97 	 circle 	 1024 	 768 	 1.16079767166 	 44.445 	 66.667 	 9 	 -5.02640136157 	 -2.90199417916 	 -5.60622225078 	 -1.50218272469 	 -5.11868180516 	 -3.16153876201 	 False 	 8 	 9 	23 	15 	2 	21 	4 	10 	12 	5 	9 	8 	6 	22 	7 	17 	13 	11 	3 	20 	24 	18 	1 	16 	14 	19 	0
KR 	 dot-jump 	 False 	 98 	 circle 	 1024 	 768 	 1.16079767166 	 44.445 	 66.667 	 11 	 -2.90199417916 	 -5.02640136157 	 5.02640136157 	 2.90199417916 	 -2.40879143772 	 -4.93049497409 	 False 	 11 	 8 	24 	23 	2 	1 	15 	6 	7 	13 	21 	10 	5 	11 	9 	19 	18 	12 	8 	16 	4 	3 	22 	20 	14 	17 	0
KR 	 dot-jump 	 False 	 99 	 circle 	 1024 	 768 	 1.16079767166 	 44.445 	 66.667 	 9 	 -5.02640136157 	 -2.90199417916 	 -1.50218272469 	 5.60622225078 	 -5.26923127002 	 -3.08626402958 	 False 	 8 	 9 	21 	14 	20 	15 	5 	6 	23 	10 	9 	2 	18 	16 	11 	13 	24 	22 	3 	7 	1 	19 	17 	4 	12 	8 	0
KR 	 dot-jump 	 False 	 100 	 circle 	 1024 	 768 	 1.16079767166 	 44.445 	 66.667 	 5 	 -5.02640136157 	 2.90199417916 	 -4.10403952609 	 4.10403952609 	 -5.15631917138 	 2.70989036744 	 False 	 18 	 12 	15 	21 	12 	23 	3 	22 	9 	18 	13 	2 	6 	24 	4 	17 	16 	1 	19 	7 	5 	14 	8 	20 	11 	10 	0
KR 	 dot-jump 	 False 	 101 	 circle 	 1024 	 768 	 1.16079767166 	 44.445 	 66.667 	 21 	 5.02640136157 	 2.90199417916 	 5.60622225078 	 -1.50218272469 	 4.85522024166 	 3.08626402958 	 False 	 15 	 13 	16 	3 	22 	15 	4 	11 	5 	20 	24 	9 	17 	6 	10 	18 	23 	21 	13 	7 	14 	8 	1 	12 	2 	19 	0
KR 	 dot-jump 	 False 	 102 	 circle 	 1024 	 768 	 1.16079767166 	 44.445 	 66.667 	 11 	 -2.90199417916 	 -5.02640136157 	 -5.60622225078 	 1.50218272469 	 -2.74752773365 	 -4.66703341059 	 False 	 12 	 15 	24 	19 	9 	7 	1 	16 	14 	17 	15 	2 	10 	13 	11 	22 	8 	6 	23 	18 	4 	20 	12 	21 	5 	3 	0
KR 	 dot-jump 	 False 	 103 	 circle 	 1024 	 768 	 1.16079767166 	 44.445 	 66.667 	 10 	 -4.10403952609 	 -4.10403952609 	 5.60622225078 	 -1.50218272469 	 -4.1777476498 	 -3.80137398766 	 False 	 16 	 14 	19 	1 	13 	16 	23 	24 	21 	3 	8 	2 	5 	12 	11 	7 	18 	6 	10 	17 	20 	22 	14 	4 	9 	15 	0
KR 	 dot-jump 	 False 	 104 	 circle 	 1024 	 768 	 1.16079767166 	 44.445 	 66.667 	 4 	 -4.10403952609 	 4.10403952609 	 2.90199417916 	 5.02640136157 	 -4.4412092133 	 4.32829711466 	 False 	 22 	 11 	19 	14 	8 	22 	17 	9 	13 	7 	21 	6 	20 	23 	3 	16 	12 	24 	18 	10 	5 	1 	15 	11 	4 	2 	0
KR 	 dot-jump 	 False 	 105 	 circle 	 1024 	 768 	 1.16079767166 	 44.445 	 66.667 	 2 	 -1.50218272469 	 5.60622225078 	 0.0 	 -5.80398835832 	 -1.50549464858 	 5.15631917138 	 False 	 15 	 16 	10 	6 	3 	11 	21 	22 	20 	4 	7 	23 	14 	18 	17 	5 	8 	2 	13 	12 	9 	16 	1 	24 	15 	19 	0
KR 	 dot-jump 	 False 	 106 	 circle 	 1024 	 768 	 1.16079767166 	 44.445 	 66.667 	 11 	 -2.90199417916 	 -5.02640136157 	 1.50218272469 	 -5.60622225078 	 -3.16153876201 	 -5.30686863623 	 False 	 6 	 10 	13 	4 	19 	12 	8 	5 	11 	2 	16 	1 	14 	22 	3 	17 	7 	24 	21 	15 	9 	6 	18 	10 	20 	23 	0
KR 	 dot-jump 	 False 	 107 	 circle 	 1024 	 768 	 1.16079767166 	 44.445 	 66.667 	 17 	 5.02640136157 	 -2.90199417916 	 5.60622225078 	 1.50218272469 	 5.30686863623 	 -2.70989036744 	 False 	 15 	 8 	1 	11 	9 	8 	10 	21 	23 	18 	20 	4 	7 	24 	22 	13 	6 	17 	5 	12 	19 	3 	15 	14 	16 	2 	0
KR 	 dot-jump 	 False 	 108 	 circle 	 1024 	 768 	 1.16079767166 	 44.445 	 66.667 	 14 	 1.50218272469 	 -5.60622225078 	 5.60622225078 	 1.50218272469 	 1.58076938101 	 -5.41978073488 	 False 	 18 	 16 	13 	22 	23 	7 	2 	10 	3 	16 	1 	24 	18 	9 	19 	21 	12 	11 	20 	4 	14 	8 	15 	5 	6 	17 	0
KR 	 dot-jump 	 False 	 109 	 circle 	 1024 	 768 	 1.16079767166 	 44.445 	 66.667 	 10 	 -4.10403952609 	 -4.10403952609 	 4.10403952609 	 4.10403952609 	 -3.80137398766 	 -4.10247291737 	 False 	 1 	 12 	19 	10 	1 	11 	8 	21 	23 	7 	12 	5 	24 	9 	22 	20 	13 	3 	14 	6 	4 	15 	2 	17 	18 	16 	0
KR 	 dot-jump 	 False 	 110 	 circle 	 1024 	 768 	 1.16079767166 	 44.445 	 66.667 	 11 	 -2.90199417916 	 -5.02640136157 	 -2.90199417916 	 -5.02640136157 	 -3.50027505794 	 -4.62939604437 	 True 	 9 	 9 	17 	16 	19 	21 	2 	6 	12 	1 	23 	11 	22 	13 	15 	4 	14 	3 	9 	5 	8 	20 	24 	18 	10 	7 	0
KR 	 dot-jump 	 False 	 111 	 circle 	 1024 	 768 	 1.16079767166 	 44.445 	 66.667 	 3 	 -2.90199417916 	 5.02640136157 	 5.80398835832 	 0.0 	 -2.78516509987 	 5.30686863623 	 False 	 7 	 8 	11 	7 	17 	12 	22 	18 	20 	3 	19 	21 	13 	23 	2 	14 	9 	5 	16 	24 	4 	15 	6 	8 	10 	1 	0
KR 	 dot-jump 	 False 	 112 	 circle 	 1024 	 768 	 1.16079767166 	 44.445 	 66.667 	 10 	 -4.10403952609 	 -4.10403952609 	 -5.02640136157 	 -2.90199417916 	 -4.51648394573 	 -4.25302238223 	 False 	 22 	 15 	20 	11 	2 	18 	23 	7 	3 	14 	4 	13 	16 	17 	8 	24 	12 	9 	1 	6 	19 	15 	21 	22 	10 	5 	0
KR 	 dot-jump 	 False 	 113 	 circle 	 1024 	 768 	 1.16079767166 	 44.445 	 66.667 	 2 	 -1.50218272469 	 5.60622225078 	 -2.90199417916 	 5.02640136157 	 -1.50549464858 	 5.49505546731 	 False 	 9 	 13 	7 	22 	4 	10 	23 	5 	1 	19 	17 	2 	6 	12 	18 	3 	15 	24 	14 	11 	13 	20 	16 	8 	9 	21 	0
KR 	 dot-jump 	 False 	 114 	 circle 	 1024 	 768 	 1.16079767166 	 44.445 	 66.667 	 23 	 2.90199417916 	 5.02640136157 	 4.10403952609 	 -4.10403952609 	 3.01098929715 	 4.9681323403 	 False 	 14 	 10 	21 	11 	6 	8 	20 	2 	3 	17 	24 	13 	16 	1 	9 	10 	23 	22 	14 	18 	15 	5 	7 	19 	4 	12 	0
KR 	 dot-jump 	 False 	 115 	 circle 	 1024 	 768 	 1.16079767166 	 44.445 	 66.667 	 1 	 0.0 	 5.80398835832 	 0.0 	 5.80398835832 	 -0.150549464858 	 5.41978073488 	 True 	 14 	 14 	6 	11 	19 	14 	20 	8 	3 	24 	21 	17 	9 	2 	5 	10 	1 	7 	12 	18 	16 	13 	23 	22 	15 	4 	0
KR 	 dot-jump 	 False 	 116 	 circle 	 1024 	 768 	 1.16079767166 	 44.445 	 66.667 	 22 	 4.10403952609 	 4.10403952609 	 5.80398835832 	 0.0 	 4.14011028359 	 4.25302238223 	 False 	 1 	 11 	5 	22 	7 	13 	24 	18 	20 	16 	17 	2 	23 	19 	10 	4 	11 	6 	1 	8 	3 	15 	21 	14 	9 	12 	0
KR 	 dot-jump 	 False 	 117 	 circle 	 1024 	 768 	 1.16079767166 	 44.445 	 66.667 	 14 	 1.50218272469 	 -5.60622225078 	 -5.60622225078 	 1.50218272469 	 1.46785728236 	 -5.64560493216 	 False 	 21 	 13 	9 	16 	4 	20 	2 	11 	24 	1 	7 	15 	17 	18 	12 	6 	3 	23 	13 	19 	10 	22 	21 	14 	8 	5 	0
KR 	 dot-jump 	 False 	 118 	 circle 	 1024 	 768 	 1.16079767166 	 44.445 	 66.667 	 2 	 -1.50218272469 	 5.60622225078 	 -1.50218272469 	 5.60622225078 	 -1.73131884586 	 5.68324229838 	 True 	 9 	 9 	13 	16 	5 	3 	19 	4 	18 	9 	1 	2 	8 	24 	21 	14 	15 	20 	11 	10 	23 	22 	6 	12 	7 	17 	0
KR 	 dot-jump 	 False 	 119 	 circle 	 1024 	 768 	 1.16079767166 	 44.445 	 66.667 	 3 	 -2.90199417916 	 5.02640136157 	 -2.90199417916 	 5.02640136157 	 -2.82280246608 	 5.34450600245 	 True 	 15 	 15 	20 	17 	8 	23 	14 	11 	12 	18 	15 	5 	4 	13 	21 	9 	1 	3 	10 	6 	19 	7 	16 	2 	24 	22 	0
KR 	 dot-jump 	 False 	 120 	 circle 	 1024 	 768 	 1.16079767166 	 44.445 	 66.667 	 22 	 4.10403952609 	 4.10403952609 	 -4.10403952609 	 -4.10403952609 	 4.74230814302 	 4.29065974844 	 False 	 19 	 10 	20 	6 	24 	3 	12 	14 	8 	16 	21 	5 	10 	23 	9 	4 	15 	18 	17 	1 	2 	22 	11 	19 	13 	7 	0
KR 	 dot-jump 	 False 	 121 	 circle 	 1024 	 768 	 1.16079767166 	 44.445 	 66.667 	 23 	 2.90199417916 	 5.02640136157 	 -2.90199417916 	 -5.02640136157 	 3.3873629593 	 4.9681323403 	 False 	 13 	 14 	7 	2 	4 	15 	13 	1 	24 	12 	21 	3 	22 	8 	18 	23 	11 	10 	17 	6 	5 	16 	9 	14 	19 	20 	0
KR 	 dot-jump 	 False 	 122 	 circle 	 1024 	 768 	 1.16079767166 	 44.445 	 66.667 	 14 	 1.50218272469 	 -5.60622225078 	 1.50218272469 	 5.60622225078 	 1.80659357829 	 -5.49505546731 	 False 	 9 	 11 	22 	1 	18 	12 	23 	10 	21 	16 	7 	14 	19 	24 	9 	6 	5 	3 	8 	2 	20 	17 	15 	4 	13 	11 	0
KR 	 dot-jump 	 False 	 123 	 circle 	 1024 	 768 	 1.16079767166 	 44.445 	 66.667 	 3 	 -2.90199417916 	 5.02640136157 	 0.0 	 -5.80398835832 	 -2.74752773365 	 5.08104443895 	 False 	 19 	 16 	18 	8 	21 	10 	12 	17 	7 	11 	14 	2 	1 	4 	23 	22 	5 	15 	13 	9 	20 	3 	24 	19 	16 	6 	0
KR 	 dot-jump 	 False 	 124 	 circle 	 1024 	 768 	 1.16079767166 	 44.445 	 66.667 	 4 	 -4.10403952609 	 4.10403952609 	 5.80398835832 	 0.0 	 -4.21538501602 	 4.51648394573 	 False 	 4 	 8 	22 	23 	3 	9 	4 	12 	2 	14 	19 	6 	10 	5 	7 	18 	20 	16 	24 	17 	15 	8 	21 	13 	1 	11 	0
KR 	 dot-jump 	 False 	 125 	 circle 	 1024 	 768 	 1.16079767166 	 44.445 	 66.667 	 23 	 2.90199417916 	 5.02640136157 	 4.10403952609 	 -4.10403952609 	 2.70989036744 	 5.26923127002 	 False 	 1 	 12 	8 	23 	12 	18 	1 	14 	10 	4 	7 	19 	24 	21 	16 	2 	11 	6 	3 	13 	17 	15 	22 	20 	9 	5 	0
KR 	 dot-jump 	 False 	 126 	 circle 	 1024 	 768 	 1.16079767166 	 44.445 	 66.667 	 21 	 5.02640136157 	 2.90199417916 	 -5.02640136157 	 2.90199417916 	 4.77994550923 	 2.78516509987 	 False 	 6 	 16 	19 	23 	14 	18 	24 	9 	21 	1 	7 	10 	8 	17 	2 	13 	6 	20 	5 	22 	11 	12 	4 	3 	16 	15 	0
KR 	 dot-jump 	 False 	 127 	 circle 	 1024 	 768 	 1.16079767166 	 44.445 	 66.667 	 23 	 2.90199417916 	 5.02640136157 	 5.80398835832 	 0.0 	 3.34972559308 	 5.45741810109 	 False 	 4 	 10 	5 	9 	21 	12 	23 	17 	11 	24 	15 	4 	19 	22 	7 	3 	18 	10 	14 	6 	13 	1 	20 	8 	2 	16 	0
KR 	 dot-jump 	 False 	 128 	 circle 	 1024 	 768 	 1.16079767166 	 44.445 	 66.667 	 11 	 -2.90199417916 	 -5.02640136157 	 1.50218272469 	 -5.60622225078 	 -3.08626402958 	 -4.77994550923 	 False 	 14 	 13 	9 	2 	1 	23 	15 	5 	21 	17 	4 	7 	13 	12 	3 	14 	11 	16 	8 	6 	10 	19 	18 	20 	24 	22 	0
KR 	 dot-jump 	 False 	 129 	 circle 	 1024 	 768 	 1.16079767166 	 44.445 	 66.667 	 2 	 -1.50218272469 	 5.60622225078 	 2.90199417916 	 5.02640136157 	 -1.35494518372 	 5.60796756595 	 False 	 6 	 15 	4 	24 	20 	6 	12 	8 	2 	14 	22 	15 	11 	9 	19 	10 	16 	23 	1 	17 	3 	5 	7 	13 	21 	18 	0
KR 	 dot-jump 	 False 	 130 	 circle 	 1024 	 768 	 1.16079767166 	 44.445 	 66.667 	 23 	 2.90199417916 	 5.02640136157 	 -5.02640136157 	 -2.90199417916 	 3.16153876201 	 5.08104443895 	 False 	 12 	 14 	8 	13 	10 	6 	20 	16 	3 	12 	11 	1 	17 	22 	23 	14 	9 	19 	5 	7 	24 	2 	18 	21 	15 	4 	0
KR 	 dot-jump 	 False 	 131 	 circle 	 1024 	 768 	 1.16079767166 	 44.445 	 66.667 	 24 	 1.50218272469 	 5.60622225078 	 1.50218272469 	 5.60622225078 	 1.76895621208 	 5.26923127002 	 True 	 11 	 11 	19 	5 	22 	12 	8 	20 	1 	11 	6 	18 	14 	24 	10 	13 	9 	3 	16 	23 	7 	4 	15 	21 	17 	2 	0
KR 	 dot-jump 	 False 	 132 	 circle 	 1024 	 768 	 1.16079767166 	 44.445 	 66.667 	 21 	 5.02640136157 	 2.90199417916 	 5.02640136157 	 2.90199417916 	 5.11868180516 	 2.70989036744 	 True 	 12 	 12 	1 	12 	4 	9 	13 	17 	19 	24 	6 	14 	23 	16 	21 	18 	11 	5 	7 	10 	3 	22 	15 	8 	20 	2 	0
KR 	 dot-jump 	 False 	 133 	 circle 	 1024 	 768 	 1.16079767166 	 44.445 	 66.667 	 17 	 5.02640136157 	 -2.90199417916 	 5.80398835832 	 0.0 	 5.04340707273 	 -3.1239013958 	 False 	 22 	 8 	12 	7 	10 	2 	14 	22 	13 	20 	19 	4 	8 	24 	6 	11 	16 	3 	1 	15 	5 	18 	21 	23 	17 	9 	0
KR 	 dot-jump 	 False 	 134 	 circle 	 1024 	 768 	 1.16079767166 	 44.445 	 66.667 	 5 	 -5.02640136157 	 2.90199417916 	 5.02640136157 	 -2.90199417916 	 -4.74230814302 	 2.8604398323 	 False 	 8 	 9 	22 	4 	20 	2 	19 	3 	23 	21 	5 	17 	24 	12 	7 	11 	9 	10 	13 	14 	6 	16 	18 	15 	8 	1 	0
KR 	 dot-jump 	 False 	 135 	 circle 	 1024 	 768 	 1.16079767166 	 44.445 	 66.667 	 1 	 0.0 	 5.80398835832 	 -5.02640136157 	 -2.90199417916 	 0.0752747324288 	 5.68324229838 	 False 	 18 	 8 	22 	15 	17 	7 	18 	16 	4 	23 	9 	24 	11 	14 	13 	2 	3 	19 	5 	21 	1 	10 	8 	6 	12 	20 	0
KR 	 dot-jump 	 False 	 136 	 circle 	 1024 	 768 	 1.16079767166 	 44.445 	 66.667 	 24 	 1.50218272469 	 5.60622225078 	 -1.50218272469 	 -5.60622225078 	 1.46785728236 	 5.57033019973 	 False 	 15 	 14 	7 	21 	5 	14 	16 	19 	13 	8 	10 	23 	4 	18 	2 	22 	12 	24 	9 	3 	6 	20 	1 	11 	15 	17 	0
KR 	 dot-jump 	 False 	 137 	 circle 	 1024 	 768 	 1.16079767166 	 44.445 	 66.667 	 22 	 4.10403952609 	 4.10403952609 	 -5.80398835832 	 0.0 	 4.40357184709 	 3.98956081873 	 False 	 7 	 9 	4 	18 	20 	19 	1 	5 	12 	22 	9 	7 	6 	2 	24 	10 	21 	16 	8 	14 	13 	23 	11 	15 	17 	3 	0
KR 	 dot-jump 	 False 	 138 	 circle 	 1024 	 768 	 1.16079767166 	 44.445 	 66.667 	 16 	 4.10403952609 	 -4.10403952609 	 1.50218272469 	 -5.60622225078 	 4.21538501602 	 -4.1777476498 	 False 	 21 	 13 	1 	21 	2 	6 	23 	3 	7 	9 	11 	8 	22 	19 	18 	14 	17 	24 	20 	10 	15 	4 	13 	16 	12 	5 	0
KR 	 dot-jump 	 False 	 139 	 circle 	 1024 	 768 	 1.16079767166 	 44.445 	 66.667 	 3 	 -2.90199417916 	 5.02640136157 	 2.90199417916 	 5.02640136157 	 -2.97335193094 	 4.85522024166 	 False 	 17 	 10 	18 	11 	7 	12 	6 	16 	1 	17 	21 	5 	23 	10 	2 	20 	19 	9 	22 	3 	8 	4 	24 	13 	15 	14 	0
KR 	 dot-jump 	 False 	 140 	 circle 	 1024 	 768 	 1.16079767166 	 44.445 	 66.667 	 14 	 1.50218272469 	 -5.60622225078 	 -4.10403952609 	 4.10403952609 	 1.69368147965 	 -5.64560493216 	 False 	 17 	 16 	16 	8 	23 	18 	1 	13 	5 	9 	19 	24 	12 	7 	11 	6 	20 	21 	4 	14 	10 	22 	15 	3 	2 	17 	0
KR 	 dot-jump 	 False 	 141 	 circle 	 1024 	 768 	 1.16079767166 	 44.445 	 66.667 	 23 	 2.90199417916 	 5.02640136157 	 -4.10403952609 	 -4.10403952609 	 2.70989036744 	 5.26923127002 	 False 	 11 	 12 	22 	14 	15 	13 	11 	7 	20 	24 	5 	3 	2 	23 	10 	17 	6 	9 	19 	8 	18 	16 	21 	1 	4 	12 	0
KR 	 dot-jump 	 False 	 142 	 circle 	 1024 	 768 	 1.16079767166 	 44.445 	 66.667 	 3 	 -2.90199417916 	 5.02640136157 	 -2.90199417916 	 5.02640136157 	 -2.78516509987 	 5.08104443895 	 True 	 11 	 11 	10 	8 	19 	18 	2 	15 	23 	11 	4 	22 	16 	3 	17 	14 	1 	5 	9 	13 	6 	12 	7 	21 	20 	24 	0
KR 	 dot-jump 	 False 	 143 	 circle 	 1024 	 768 	 1.16079767166 	 44.445 	 66.667 	 23 	 2.90199417916 	 5.02640136157 	 5.80398835832 	 0.0 	 3.27445086065 	 5.60796756595 	 False 	 0 	 15 	23 	11 	17 	9 	2 	15 	12 	8 	4 	20 	3 	14 	1 	24 	18 	19 	10 	22 	5 	7 	21 	6 	16 	13 	0
KR 	 dot-jump 	 False 	 144 	 circle 	 1024 	 768 	 1.16079767166 	 44.445 	 66.667 	 3 	 -2.90199417916 	 5.02640136157 	 -2.90199417916 	 -5.02640136157 	 -2.63461563501 	 4.93049497409 	 False 	 17 	 8 	7 	16 	21 	4 	10 	1 	24 	8 	11 	2 	17 	18 	15 	22 	23 	19 	12 	3 	6 	13 	9 	20 	14 	5 	0
KR 	 dot-jump 	 False 	 145 	 circle 	 1024 	 768 	 1.16079767166 	 44.445 	 66.667 	 11 	 -2.90199417916 	 -5.02640136157 	 5.60622225078 	 1.50218272469 	 -2.63461563501 	 -5.11868180516 	 False 	 6 	 9 	13 	4 	19 	22 	3 	16 	11 	8 	10 	20 	9 	12 	5 	6 	24 	23 	18 	17 	21 	7 	14 	2 	1 	15 	0
KR 	 dot-jump 	 False 	 146 	 circle 	 1024 	 768 	 1.16079767166 	 44.445 	 66.667 	 19 	 5.80398835832 	 0.0 	 -4.10403952609 	 -4.10403952609 	 5.60796756595 	 0.489285760787 	 False 	 18 	 15 	6 	17 	9 	4 	2 	11 	18 	3 	7 	1 	13 	21 	14 	15 	22 	10 	20 	5 	19 	8 	16 	12 	23 	24 	0
KR 	 dot-jump 	 False 	 147 	 circle 	 1024 	 768 	 1.16079767166 	 44.445 	 66.667 	 11 	 -2.90199417916 	 -5.02640136157 	 1.50218272469 	 -5.60622225078 	 -3.19917612823 	 -5.11868180516 	 False 	 21 	 11 	8 	4 	24 	7 	21 	3 	22 	20 	6 	13 	10 	14 	19 	12 	2 	23 	15 	9 	5 	17 	18 	11 	16 	1 	0
KR 	 dot-jump 	 False 	 148 	 circle 	 1024 	 768 	 1.16079767166 	 44.445 	 66.667 	 15 	 2.90199417916 	 -5.02640136157 	 1.50218272469 	 5.60622225078 	 2.70989036744 	 -5.04340707273 	 False 	 2 	 10 	20 	17 	15 	11 	12 	6 	1 	4 	14 	13 	24 	19 	16 	22 	10 	23 	18 	21 	5 	9 	2 	7 	8 	3 	0
KR 	 dot-jump 	 False 	 149 	 circle 	 1024 	 768 	 1.16079767166 	 44.445 	 66.667 	 7 	 -5.80398835832 	 0.0 	 -5.60622225078 	 1.50218272469 	 -5.60796756595 	 -0.0752747324288 	 False 	 6 	 14 	14 	1 	12 	21 	3 	16 	7 	22 	8 	19 	10 	20 	11 	5 	6 	9 	24 	13 	4 	23 	2 	15 	17 	18 	0
KR 	 dot-jump 	 False 	 150 	 circle 	 1024 	 768 	 1.16079767166 	 44.445 	 66.667 	 3 	 -2.90199417916 	 5.02640136157 	 -4.10403952609 	 4.10403952609 	 -3.16153876201 	 4.9681323403 	 False 	 15 	 12 	13 	17 	10 	23 	5 	15 	9 	7 	1 	11 	12 	16 	4 	2 	6 	3 	24 	21 	19 	18 	22 	14 	8 	20 	0
KR 	 dot-jump 	 False 	 151 	 circle 	 1024 	 768 	 1.16079767166 	 44.445 	 66.667 	 22 	 4.10403952609 	 4.10403952609 	 2.90199417916 	 5.02640136157 	 3.68846188901 	 4.29065974844 	 False 	 9 	 16 	18 	2 	19 	24 	4 	13 	17 	8 	10 	22 	1 	21 	6 	12 	14 	9 	23 	7 	3 	16 	11 	20 	5 	15 	0
KR 	 dot-jump 	 False 	 152 	 circle 	 1024 	 768 	 1.16079767166 	 44.445 	 66.667 	 16 	 4.10403952609 	 -4.10403952609 	 5.02640136157 	 -2.90199417916 	 3.76373662144 	 -4.21538501602 	 False 	 15 	 13 	2 	5 	21 	1 	18 	13 	11 	7 	3 	23 	20 	12 	14 	17 	22 	16 	19 	6 	15 	8 	4 	24 	10 	9 	0
KR 	 dot-jump 	 False 	 153 	 circle 	 1024 	 768 	 1.16079767166 	 44.445 	 66.667 	 15 	 2.90199417916 	 -5.02640136157 	 -2.90199417916 	 -5.02640136157 	 2.93571456472 	 -5.26923127002 	 False 	 18 	 16 	17 	13 	22 	12 	18 	9 	19 	2 	4 	21 	6 	1 	24 	16 	20 	10 	11 	7 	15 	8 	3 	23 	5 	14 	0
KR 	 dot-jump 	 False 	 154 	 circle 	 1024 	 768 	 1.16079767166 	 44.445 	 66.667 	 10 	 -4.10403952609 	 -4.10403952609 	 4.10403952609 	 4.10403952609 	 -4.25302238223 	 -3.98956081873 	 False 	 7 	 8 	7 	1 	19 	3 	15 	13 	14 	10 	22 	17 	18 	20 	5 	4 	9 	23 	6 	2 	24 	12 	8 	21 	16 	11 	0
KR 	 dot-jump 	 False 	 155 	 circle 	 1024 	 768 	 1.16079767166 	 44.445 	 66.667 	 23 	 2.90199417916 	 5.02640136157 	 5.60622225078 	 1.50218272469 	 2.5969782688 	 4.77994550923 	 False 	 14 	 12 	22 	6 	15 	11 	17 	21 	4 	13 	10 	12 	8 	1 	20 	16 	23 	19 	14 	9 	18 	5 	3 	2 	7 	24 	0
KR 	 dot-jump 	 False 	 156 	 circle 	 1024 	 768 	 1.16079767166 	 44.445 	 66.667 	 24 	 1.50218272469 	 5.60622225078 	 0.0 	 5.80398835832 	 1.24203308508 	 5.60796756595 	 False 	 5 	 13 	14 	21 	5 	12 	23 	24 	18 	17 	8 	11 	4 	22 	2 	1 	9 	7 	13 	15 	16 	20 	19 	6 	3 	10 	0
KR 	 dot-jump 	 False 	 157 	 circle 	 1024 	 768 	 1.16079767166 	 44.445 	 66.667 	 2 	 -1.50218272469 	 5.60622225078 	 -5.60622225078 	 1.50218272469 	 -1.50549464858 	 5.34450600245 	 False 	 2 	 14 	20 	12 	2 	1 	18 	21 	3 	8 	19 	13 	17 	24 	5 	7 	6 	15 	10 	23 	16 	4 	14 	11 	9 	22 	0
KR 	 dot-jump 	 False 	 158 	 circle 	 1024 	 768 	 1.16079767166 	 44.445 	 66.667 	 5 	 -5.02640136157 	 2.90199417916 	 -5.02640136157 	 2.90199417916 	 -5.04340707273 	 3.16153876201 	 True 	 9 	 9 	4 	21 	3 	16 	1 	11 	19 	10 	12 	5 	18 	24 	17 	23 	6 	2 	9 	22 	14 	8 	13 	15 	20 	7 	0
KR 	 dot-jump 	 False 	 159 	 circle 	 1024 	 768 	 1.16079767166 	 44.445 	 66.667 	 11 	 -2.90199417916 	 -5.02640136157 	 -4.10403952609 	 4.10403952609 	 -2.82280246608 	 -5.11868180516 	 False 	 9 	 10 	20 	17 	6 	8 	12 	7 	10 	14 	9 	11 	4 	24 	19 	15 	21 	16 	3 	2 	22 	13 	1 	23 	18 	5 	0
KR 	 dot-jump 	 False 	 160 	 circle 	 1024 	 768 	 1.16079767166 	 44.445 	 66.667 	 12 	 -1.50218272469 	 -5.60622225078 	 -5.60622225078 	 -1.50218272469 	 -1.46785728236 	 -5.60796756595 	 False 	 12 	 11 	4 	22 	23 	13 	17 	9 	5 	24 	10 	11 	7 	8 	12 	20 	18 	14 	1 	19 	21 	15 	16 	3 	6 	2 	0
KR 	 dot-jump 	 False 	 161 	 circle 	 1024 	 768 	 1.16079767166 	 44.445 	 66.667 	 4 	 -4.10403952609 	 4.10403952609 	 -5.80398835832 	 0.0 	 -3.95192345251 	 4.40357184709 	 False 	 13 	 15 	19 	14 	6 	20 	21 	1 	3 	9 	15 	2 	17 	13 	16 	4 	18 	7 	24 	11 	5 	23 	8 	22 	10 	12 	0
KR 	 dot-jump 	 False 	 162 	 circle 	 1024 	 768 	 1.16079767166 	 44.445 	 66.667 	 15 	 2.90199417916 	 -5.02640136157 	 4.10403952609 	 -4.10403952609 	 3.23681349444 	 -5.04340707273 	 False 	 23 	 14 	11 	2 	22 	10 	7 	17 	1 	19 	9 	8 	12 	21 	18 	20 	16 	6 	5 	13 	23 	4 	14 	24 	3 	15 	0
KR 	 dot-jump 	 False 	 163 	 circle 	 1024 	 768 	 1.16079767166 	 44.445 	 66.667 	 11 	 -2.90199417916 	 -5.02640136157 	 -1.50218272469 	 -5.60622225078 	 -2.44642880394 	 -5.08104443895 	 False 	 19 	 12 	15 	22 	13 	20 	1 	10 	14 	2 	5 	24 	19 	7 	12 	18 	23 	17 	8 	4 	9 	11 	6 	21 	16 	3 	0
KR 	 dot-jump 	 False 	 164 	 circle 	 1024 	 768 	 1.16079767166 	 44.445 	 66.667 	 9 	 -5.02640136157 	 -2.90199417916 	 -5.02640136157 	 2.90199417916 	 -5.2315939038 	 -2.78516509987 	 False 	 13 	 11 	22 	11 	12 	7 	21 	14 	24 	15 	10 	18 	6 	5 	19 	9 	13 	8 	23 	17 	20 	2 	3 	4 	16 	1 	0
KR 	 dot-jump 	 False 	 165 	 circle 	 1024 	 768 	 1.16079767166 	 44.445 	 66.667 	 16 	 4.10403952609 	 -4.10403952609 	 2.90199417916 	 -5.02640136157 	 3.9142860863 	 -4.1777476498 	 False 	 15 	 10 	13 	12 	7 	2 	17 	4 	18 	20 	14 	6 	15 	1 	19 	23 	22 	16 	11 	3 	21 	9 	8 	5 	24 	10 	0
KR 	 dot-jump 	 False 	 166 	 circle 	 1024 	 768 	 1.16079767166 	 44.445 	 66.667 	 4 	 -4.10403952609 	 4.10403952609 	 -5.60622225078 	 1.50218272469 	 -4.59175867816 	 3.98956081873 	 False 	 11 	 9 	1 	12 	3 	13 	7 	14 	10 	19 	5 	6 	24 	4 	23 	22 	16 	17 	11 	20 	2 	21 	9 	18 	8 	15 	0
KR 	 dot-jump 	 False 	 167 	 circle 	 1024 	 768 	 1.16079767166 	 44.445 	 66.667 	 22 	 4.10403952609 	 4.10403952609 	 -5.80398835832 	 0.0 	 4.51648394573 	 3.98956081873 	 False 	 15 	 16 	8 	18 	24 	11 	14 	21 	1 	4 	2 	5 	12 	17 	19 	10 	13 	22 	7 	9 	23 	16 	20 	3 	6 	15 	0
KR 	 dot-jump 	 False 	 168 	 circle 	 1024 	 768 	 1.16079767166 	 44.445 	 66.667 	 20 	 5.60622225078 	 1.50218272469 	 1.50218272469 	 -5.60622225078 	 5.30686863623 	 1.39258254993 	 False 	 8 	 13 	5 	17 	1 	18 	10 	11 	21 	8 	20 	24 	15 	22 	13 	14 	19 	7 	9 	2 	12 	4 	6 	3 	23 	16 	0
KR 	 dot-jump 	 False 	 169 	 circle 	 1024 	 768 	 1.16079767166 	 44.445 	 66.667 	 10 	 -4.10403952609 	 -4.10403952609 	 -4.10403952609 	 -4.10403952609 	 -4.06483555116 	 -3.83901135387 	 True 	 8 	 8 	13 	1 	18 	24 	2 	22 	5 	21 	10 	3 	4 	16 	17 	20 	6 	14 	7 	12 	11 	23 	8 	19 	9 	15 	0
KR 	 dot-jump 	 False 	 170 	 circle 	 1024 	 768 	 1.16079767166 	 44.445 	 66.667 	 5 	 -5.02640136157 	 2.90199417916 	 5.02640136157 	 2.90199417916 	 -4.85522024166 	 2.5969782688 	 False 	 16 	 15 	20 	12 	9 	22 	16 	7 	14 	11 	18 	4 	13 	6 	1 	8 	3 	21 	5 	15 	23 	17 	10 	2 	24 	19 	0
KR 	 dot-jump 	 False 	 171 	 circle 	 1024 	 768 	 1.16079767166 	 44.445 	 66.667 	 23 	 2.90199417916 	 5.02640136157 	 -1.50218272469 	 5.60622225078 	 2.70989036744 	 5.15631917138 	 False 	 10 	 11 	6 	18 	7 	16 	4 	12 	11 	20 	15 	21 	23 	2 	17 	1 	13 	10 	8 	3 	9 	19 	14 	22 	5 	24 	0
KR 	 dot-jump 	 False 	 172 	 circle 	 1024 	 768 	 1.16079767166 	 44.445 	 66.667 	 11 	 -2.90199417916 	 -5.02640136157 	 4.10403952609 	 -4.10403952609 	 -3.1239013958 	 -4.89285760787 	 False 	 3 	 9 	1 	12 	21 	11 	20 	15 	14 	7 	10 	16 	4 	23 	3 	13 	24 	2 	18 	6 	9 	17 	8 	19 	5 	22 	0
KR 	 dot-jump 	 False 	 173 	 circle 	 1024 	 768 	 1.16079767166 	 44.445 	 66.667 	 15 	 2.90199417916 	 -5.02640136157 	 -4.10403952609 	 -4.10403952609 	 3.34972559308 	 -4.9681323403 	 False 	 11 	 15 	18 	12 	8 	21 	5 	22 	1 	16 	4 	3 	2 	15 	9 	11 	14 	10 	20 	17 	13 	24 	23 	6 	19 	7 	0
KR 	 dot-jump 	 False 	 174 	 circle 	 1024 	 768 	 1.16079767166 	 44.445 	 66.667 	 6 	 -5.60622225078 	 1.50218272469 	 5.02640136157 	 -2.90199417916 	 -5.68324229838 	 1.61840674722 	 False 	 13 	 12 	24 	22 	8 	23 	16 	15 	13 	1 	18 	9 	19 	5 	17 	6 	4 	11 	2 	20 	14 	7 	3 	10 	21 	12 	0
KR 	 dot-jump 	 False 	 175 	 circle 	 1024 	 768 	 1.16079767166 	 44.445 	 66.667 	 15 	 2.90199417916 	 -5.02640136157 	 0.0 	 -5.80398835832 	 3.16153876201 	 -4.7046707768 	 False 	 22 	 16 	19 	22 	4 	8 	21 	24 	3 	14 	5 	7 	6 	17 	1 	12 	16 	11 	13 	2 	20 	23 	9 	10 	15 	18 	0
KR 	 dot-jump 	 False 	 176 	 circle 	 1024 	 768 	 1.16079767166 	 44.445 	 66.667 	 22 	 4.10403952609 	 4.10403952609 	 -5.02640136157 	 -2.90199417916 	 3.95192345251 	 4.40357184709 	 False 	 13 	 10 	15 	5 	4 	7 	3 	8 	1 	16 	24 	23 	9 	13 	21 	22 	10 	14 	19 	17 	11 	6 	18 	2 	20 	12 	0
KR 	 dot-jump 	 False 	 177 	 circle 	 1024 	 768 	 1.16079767166 	 44.445 	 66.667 	 1 	 0.0 	 5.80398835832 	 0.0 	 5.80398835832 	 0.0376373662144 	 5.53269283352 	 True 	 8 	 8 	8 	11 	3 	20 	15 	2 	22 	17 	1 	9 	19 	21 	10 	6 	7 	18 	23 	4 	13 	16 	14 	12 	24 	5 	0
KR 	 dot-jump 	 False 	 178 	 circle 	 1024 	 768 	 1.16079767166 	 44.445 	 66.667 	 13 	 0.0 	 -5.80398835832 	 2.90199417916 	 5.02640136157 	 -0.188186831072 	 -5.41978073488 	 False 	 14 	 13 	2 	6 	9 	21 	15 	19 	14 	4 	12 	5 	10 	16 	17 	23 	13 	8 	18 	24 	22 	20 	3 	1 	7 	11 	0
KR 	 dot-jump 	 False 	 179 	 circle 	 1024 	 768 	 1.16079767166 	 44.445 	 66.667 	 23 	 2.90199417916 	 5.02640136157 	 1.50218272469 	 5.60622225078 	 2.70989036744 	 5.00576970652 	 False 	 3 	 14 	17 	5 	12 	23 	6 	10 	2 	1 	18 	14 	20 	3 	21 	9 	24 	11 	16 	15 	13 	4 	7 	22 	19 	8 	0
KR 	 dot-jump 	 False 	 180 	 circle 	 1024 	 768 	 1.16079767166 	 44.445 	 66.667 	 23 	 2.90199417916 	 5.02640136157 	 0.0 	 -5.80398835832 	 2.70989036744 	 5.11868180516 	 False 	 18 	 16 	5 	8 	19 	12 	10 	18 	6 	22 	16 	11 	21 	3 	1 	17 	20 	9 	13 	24 	23 	14 	15 	7 	2 	4 	0
KR 	 dot-jump 	 False 	 181 	 circle 	 1024 	 768 	 1.16079767166 	 44.445 	 66.667 	 22 	 4.10403952609 	 4.10403952609 	 2.90199417916 	 5.02640136157 	 4.14011028359 	 4.10247291737 	 False 	 8 	 11 	19 	10 	16 	11 	13 	5 	20 	2 	22 	21 	14 	23 	17 	15 	7 	4 	12 	18 	24 	3 	1 	9 	6 	8 	0
KR 	 dot-jump 	 False 	 182 	 circle 	 1024 	 768 	 1.16079767166 	 44.445 	 66.667 	 2 	 -1.50218272469 	 5.60622225078 	 4.10403952609 	 4.10403952609 	 -1.46785728236 	 5.64560493216 	 False 	 11 	 12 	16 	9 	12 	23 	19 	24 	21 	10 	4 	17 	1 	2 	22 	14 	20 	5 	15 	3 	7 	18 	8 	6 	11 	13 	0
KR 	 dot-jump 	 False 	 183 	 circle 	 1024 	 768 	 1.16079767166 	 44.445 	 66.667 	 4 	 -4.10403952609 	 4.10403952609 	 -1.50218272469 	 5.60622225078 	 -3.98956081873 	 4.36593448087 	 False 	 17 	 10 	9 	15 	19 	16 	22 	8 	17 	12 	20 	3 	2 	6 	10 	13 	24 	14 	7 	4 	5 	18 	11 	21 	1 	23 	0
KR 	 dot-jump 	 False 	 184 	 circle 	 1024 	 768 	 1.16079767166 	 44.445 	 66.667 	 14 	 1.50218272469 	 -5.60622225078 	 1.50218272469 	 -5.60622225078 	 1.76895621208 	 -5.00576970652 	 True 	 14 	 14 	11 	18 	10 	6 	7 	21 	1 	12 	16 	17 	2 	9 	15 	19 	14 	20 	24 	13 	5 	3 	23 	22 	4 	8 	0
KR 	 dot-jump 	 False 	 185 	 circle 	 1024 	 768 	 1.16079767166 	 44.445 	 66.667 	 22 	 4.10403952609 	 4.10403952609 	 5.80398835832 	 0.0 	 4.25302238223 	 4.51648394573 	 False 	 3 	 9 	12 	21 	8 	22 	18 	23 	1 	7 	16 	19 	20 	9 	24 	6 	4 	10 	11 	17 	14 	15 	3 	5 	13 	2 	0
KR 	 dot-jump 	 False 	 186 	 circle 	 1024 	 768 	 1.16079767166 	 44.445 	 66.667 	 2 	 -1.50218272469 	 5.60622225078 	 0.0 	 5.80398835832 	 -1.61840674722 	 5.60796756595 	 False 	 20 	 8 	20 	23 	21 	24 	14 	19 	10 	22 	1 	8 	5 	7 	11 	12 	17 	4 	13 	9 	6 	16 	2 	15 	18 	3 	0
KR 	 dot-jump 	 False 	 187 	 circle 	 1024 	 768 	 1.16079767166 	 44.445 	 66.667 	 15 	 2.90199417916 	 -5.02640136157 	 1.50218272469 	 -5.60622225078 	 2.97335193094 	 -4.81758287545 	 False 	 5 	 13 	1 	4 	12 	7 	24 	15 	10 	16 	13 	21 	18 	11 	9 	14 	2 	19 	17 	3 	5 	22 	8 	20 	6 	23 	0
KR 	 dot-jump 	 False 	 188 	 circle 	 1024 	 768 	 1.16079767166 	 44.445 	 66.667 	 11 	 -2.90199417916 	 -5.02640136157 	 -5.60622225078 	 1.50218272469 	 -2.44642880394 	 -5.2315939038 	 False 	 5 	 15 	10 	14 	20 	7 	9 	11 	3 	22 	4 	24 	5 	1 	21 	15 	16 	6 	12 	18 	2 	17 	8 	23 	19 	13 	0
KR 	 dot-jump 	 False 	 189 	 circle 	 1024 	 768 	 1.16079767166 	 44.445 	 66.667 	 4 	 -4.10403952609 	 4.10403952609 	 5.60622225078 	 -1.50218272469 	 -3.87664872009 	 4.25302238223 	 False 	 7 	 8 	22 	2 	13 	9 	24 	15 	12 	4 	18 	19 	20 	7 	14 	10 	5 	8 	11 	6 	1 	17 	3 	23 	21 	16 	0
KR 	 dot-jump 	 False 	 190 	 circle 	 1024 	 768 	 1.16079767166 	 44.445 	 66.667 	 22 	 4.10403952609 	 4.10403952609 	 5.60622225078 	 -1.50218272469 	 3.95192345251 	 4.4412092133 	 False 	 0 	 12 	22 	16 	15 	1 	23 	11 	5 	4 	7 	24 	8 	21 	18 	9 	2 	12 	17 	20 	13 	10 	14 	6 	3 	19 	0
KR 	 dot-jump 	 False 	 191 	 circle 	 1024 	 768 	 1.16079767166 	 44.445 	 66.667 	 23 	 2.90199417916 	 5.02640136157 	 -5.60622225078 	 -1.50218272469 	 3.23681349444 	 5.45741810109 	 False 	 5 	 14 	5 	16 	10 	12 	7 	23 	17 	15 	1 	20 	24 	13 	14 	11 	8 	22 	18 	21 	6 	2 	3 	19 	4 	9 	0
KR 	 dot-jump 	 False 	 192 	 circle 	 1024 	 768 	 1.16079767166 	 44.445 	 66.667 	 23 	 2.90199417916 	 5.02640136157 	 -2.90199417916 	 -5.02640136157 	 3.04862666337 	 5.04340707273 	 False 	 22 	 15 	14 	18 	2 	3 	21 	1 	10 	17 	6 	4 	13 	19 	5 	20 	24 	11 	15 	9 	8 	22 	7 	16 	23 	12 	0
KR 	 dot-jump 	 False 	 193 	 circle 	 1024 	 768 	 1.16079767166 	 44.445 	 66.667 	 9 	 -5.02640136157 	 -2.90199417916 	 -5.80398835832 	 0.0 	 -5.53269283352 	 -3.01098929715 	 False 	 16 	 10 	14 	16 	22 	12 	23 	18 	13 	19 	20 	5 	7 	4 	8 	3 	17 	24 	9 	2 	15 	6 	11 	21 	1 	10 	0
KR 	 dot-jump 	 False 	 194 	 circle 	 1024 	 768 	 1.16079767166 	 44.445 	 66.667 	 4 	 -4.10403952609 	 4.10403952609 	 1.50218272469 	 -5.60622225078 	 -3.80137398766 	 4.21538501602 	 False 	 11 	 13 	20 	6 	13 	17 	23 	16 	1 	15 	7 	8 	19 	4 	22 	14 	3 	9 	18 	12 	11 	2 	21 	5 	10 	24 	0
KR 	 dot-jump 	 False 	 195 	 circle 	 1024 	 768 	 1.16079767166 	 44.445 	 66.667 	 23 	 2.90199417916 	 5.02640136157 	 -5.60622225078 	 1.50218272469 	 2.70989036744 	 5.04340707273 	 False 	 13 	 11 	11 	9 	17 	22 	8 	7 	3 	19 	24 	20 	5 	6 	15 	23 	18 	13 	16 	2 	10 	12 	14 	1 	21 	4 	0
KR 	 dot-jump 	 False 	 196 	 circle 	 1024 	 768 	 1.16079767166 	 44.445 	 66.667 	 15 	 2.90199417916 	 -5.02640136157 	 0.0 	 -5.80398835832 	 2.93571456472 	 -5.26923127002 	 False 	 20 	 16 	11 	21 	2 	14 	9 	4 	20 	3 	5 	7 	19 	10 	24 	22 	8 	17 	13 	16 	1 	12 	15 	18 	6 	23 	0
KR 	 dot-jump 	 False 	 197 	 circle 	 1024 	 768 	 1.16079767166 	 44.445 	 66.667 	 2 	 -1.50218272469 	 5.60622225078 	 0.0 	 5.80398835832 	 -1.76895621208 	 6.21016542538 	 False 	 2 	 9 	10 	19 	2 	8 	9 	16 	7 	5 	17 	1 	3 	15 	11 	22 	13 	4 	6 	12 	23 	21 	20 	18 	14 	24 	0
KR 	 dot-jump 	 False 	 198 	 circle 	 1024 	 768 	 1.16079767166 	 44.445 	 66.667 	 21 	 5.02640136157 	 2.90199417916 	 5.60622225078 	 1.50218272469 	 5.00576970652 	 2.74752773365 	 False 	 4 	 16 	7 	5 	3 	18 	21 	4 	24 	9 	2 	22 	11 	1 	10 	16 	23 	12 	20 	13 	17 	8 	6 	19 	15 	14 	0
KR 	 dot-jump 	 False 	 199 	 circle 	 1024 	 768 	 1.16079767166 	 44.445 	 66.667 	 11 	 -2.90199417916 	 -5.02640136157 	 -5.80398835832 	 0.0 	 -2.93571456472 	 -4.59175867816 	 False 	 5 	 8 	8 	1 	4 	21 	14 	11 	22 	6 	7 	9 	17 	24 	2 	5 	12 	20 	19 	23 	13 	18 	16 	3 	10 	15 	0
KR 	 dot-jump 	 False 	 200 	 circle 	 1024 	 768 	 1.16079767166 	 44.445 	 66.667 	 3 	 -2.90199417916 	 5.02640136157 	 -1.50218272469 	 5.60622225078 	 -2.44642880394 	 4.81758287545 	 False 	 12 	 14 	15 	7 	20 	16 	11 	22 	14 	8 	5 	12 	21 	23 	3 	1 	2 	6 	18 	13 	10 	4 	9 	19 	17 	24 	0
KR 	 dot-jump 	 False 	 201 	 circle 	 1024 	 768 	 1.16079767166 	 44.445 	 66.667 	 3 	 -2.90199417916 	 5.02640136157 	 -1.50218272469 	 5.60622225078 	 -2.8604398323 	 4.93049497409 	 False 	 14 	 9 	19 	1 	13 	24 	18 	21 	17 	16 	23 	2 	15 	20 	8 	14 	3 	10 	4 	7 	12 	11 	5 	9 	22 	6 	0
KR 	 dot-jump 	 False 	 202 	 circle 	 1024 	 768 	 1.16079767166 	 44.445 	 66.667 	 14 	 1.50218272469 	 -5.60622225078 	 -5.02640136157 	 -2.90199417916 	 1.50549464858 	 -5.94670386188 	 False 	 3 	 12 	4 	21 	23 	14 	2 	22 	24 	15 	20 	12 	7 	17 	9 	3 	13 	19 	11 	6 	10 	5 	16 	8 	1 	18 	0
KR 	 dot-jump 	 False 	 203 	 circle 	 1024 	 768 	 1.16079767166 	 44.445 	 66.667 	 12 	 -1.50218272469 	 -5.60622225078 	 -1.50218272469 	 -5.60622225078 	 -1.09148362022 	 -5.68324229838 	 True 	 11 	 11 	20 	1 	11 	19 	18 	5 	13 	2 	22 	23 	7 	12 	4 	16 	8 	21 	10 	3 	14 	17 	24 	15 	9 	6 	0
KR 	 dot-jump 	 False 	 204 	 circle 	 1024 	 768 	 1.16079767166 	 44.445 	 66.667 	 4 	 -4.10403952609 	 4.10403952609 	 1.50218272469 	 -5.60622225078 	 -3.98956081873 	 4.32829711466 	 False 	 11 	 10 	6 	12 	8 	11 	7 	10 	2 	23 	1 	16 	14 	4 	19 	9 	21 	18 	20 	5 	15 	13 	3 	17 	24 	22 	0
KR 	 dot-jump 	 False 	 205 	 circle 	 1024 	 768 	 1.16079767166 	 44.445 	 66.667 	 2 	 -1.50218272469 	 5.60622225078 	 -5.02640136157 	 2.90199417916 	 -1.46785728236 	 5.30686863623 	 False 	 14 	 13 	17 	19 	14 	7 	12 	18 	4 	15 	20 	16 	3 	21 	11 	5 	2 	10 	8 	6 	23 	13 	9 	24 	1 	22 	0
KR 	 dot-jump 	 False 	 206 	 circle 	 1024 	 768 	 1.16079767166 	 44.445 	 66.667 	 23 	 2.90199417916 	 5.02640136157 	 -1.50218272469 	 -5.60622225078 	 2.82280246608 	 4.77994550923 	 False 	 16 	 15 	22 	21 	18 	5 	19 	1 	16 	11 	15 	9 	14 	3 	4 	2 	8 	12 	23 	24 	20 	17 	10 	6 	13 	7 	0
KR 	 dot-jump 	 False 	 207 	 circle 	 1024 	 768 	 1.16079767166 	 44.445 	 66.667 	 24 	 1.50218272469 	 5.60622225078 	 1.50218272469 	 5.60622225078 	 1.39258254993 	 5.34450600245 	 True 	 16 	 16 	8 	4 	13 	22 	12 	14 	9 	23 	18 	1 	19 	15 	17 	2 	21 	20 	24 	16 	3 	7 	11 	5 	10 	6 	0
KR 	 dot-jump 	 False 	 208 	 circle 	 1024 	 768 	 1.16079767166 	 44.445 	 66.667 	 2 	 -1.50218272469 	 5.60622225078 	 0.0 	 -5.80398835832 	 -1.24203308508 	 5.34450600245 	 False 	 23 	 11 	19 	24 	15 	5 	8 	16 	1 	10 	9 	18 	12 	13 	20 	3 	6 	14 	7 	22 	4 	21 	17 	11 	23 	2 	0
KR 	 dot-jump 	 False 	 209 	 circle 	 1024 	 768 	 1.16079767166 	 44.445 	 66.667 	 16 	 4.10403952609 	 -4.10403952609 	 4.10403952609 	 -4.10403952609 	 4.02719818494 	 -4.29065974844 	 True 	 14 	 14 	20 	4 	3 	17 	18 	12 	15 	2 	11 	5 	9 	24 	23 	19 	16 	10 	21 	8 	22 	7 	6 	13 	14 	1 	0
KR 	 dot-jump 	 False 	 210 	 circle 	 1024 	 768 	 1.16079767166 	 44.445 	 66.667 	 24 	 1.50218272469 	 5.60622225078 	 -1.50218272469 	 -5.60622225078 	 1.39258254993 	 5.53269283352 	 False 	 11 	 9 	13 	21 	11 	1 	18 	3 	6 	23 	20 	12 	16 	24 	14 	4 	2 	8 	19 	10 	15 	22 	5 	7 	9 	17 	0
KR 	 dot-jump 	 False 	 211 	 circle 	 1024 	 768 	 1.16079767166 	 44.445 	 66.667 	 10 	 -4.10403952609 	 -4.10403952609 	 -5.80398835832 	 0.0 	 -4.29065974844 	 -4.06483555116 	 False 	 14 	 13 	13 	4 	17 	5 	14 	3 	15 	9 	8 	6 	18 	19 	20 	7 	10 	24 	21 	2 	23 	1 	11 	12 	22 	16 	0
KR 	 dot-jump 	 False 	 212 	 circle 	 1024 	 768 	 1.16079767166 	 44.445 	 66.667 	 6 	 -5.60622225078 	 1.50218272469 	 -5.02640136157 	 2.90199417916 	 -5.87142912945 	 1.50549464858 	 False 	 17 	 15 	12 	11 	4 	15 	7 	9 	22 	8 	2 	13 	14 	17 	3 	1 	21 	5 	19 	6 	16 	10 	20 	24 	23 	18 	0
KR 	 dot-jump 	 False 	 213 	 circle 	 1024 	 768 	 1.16079767166 	 44.445 	 66.667 	 22 	 4.10403952609 	 4.10403952609 	 -1.50218272469 	 5.60622225078 	 4.06483555116 	 4.06483555116 	 False 	 5 	 8 	21 	6 	4 	10 	3 	22 	9 	15 	2 	1 	12 	11 	23 	7 	8 	14 	5 	19 	13 	17 	16 	20 	24 	18 	0
KR 	 dot-jump 	 False 	 214 	 circle 	 1024 	 768 	 1.16079767166 	 44.445 	 66.667 	 4 	 -4.10403952609 	 4.10403952609 	 -5.02640136157 	 2.90199417916 	 -4.06483555116 	 4.29065974844 	 False 	 11 	 10 	9 	16 	7 	14 	20 	19 	2 	18 	6 	8 	5 	4 	10 	21 	22 	15 	17 	13 	12 	3 	24 	11 	1 	23 	0
KR 	 dot-jump 	 False 	 215 	 circle 	 1024 	 768 	 1.16079767166 	 44.445 	 66.667 	 2 	 -1.50218272469 	 5.60622225078 	 -1.50218272469 	 5.60622225078 	 -1.43021991615 	 5.38214336866 	 True 	 12 	 12 	1 	5 	15 	20 	23 	9 	16 	24 	13 	19 	3 	10 	2 	22 	8 	6 	12 	7 	4 	11 	14 	17 	21 	18 	0
KR 	 dot-jump 	 False 	 216 	 circle 	 1024 	 768 	 1.16079767166 	 44.445 	 66.667 	 10 	 -4.10403952609 	 -4.10403952609 	 -5.02640136157 	 -2.90199417916 	 -4.40357184709 	 -4.14011028359 	 False 	 17 	 9 	19 	13 	24 	5 	17 	18 	4 	8 	14 	9 	1 	2 	20 	15 	23 	3 	16 	10 	7 	12 	11 	22 	21 	6 	0
KR 	 dot-jump 	 False 	 217 	 circle 	 1024 	 768 	 1.16079767166 	 44.445 	 66.667 	 2 	 -1.50218272469 	 5.60622225078 	 5.02640136157 	 -2.90199417916 	 -1.73131884586 	 5.34450600245 	 False 	 13 	 12 	24 	1 	16 	23 	18 	6 	15 	20 	9 	3 	14 	4 	17 	2 	11 	13 	8 	10 	19 	12 	7 	22 	21 	5 	0
KR 	 dot-jump 	 False 	 218 	 circle 	 1024 	 768 	 1.16079767166 	 44.445 	 66.667 	 23 	 2.90199417916 	 5.02640136157 	 0.0 	 5.80398835832 	 3.04862666337 	 5.19395653759 	 False 	 21 	 14 	16 	6 	24 	5 	3 	8 	4 	14 	2 	7 	20 	18 	12 	19 	1 	11 	17 	10 	22 	9 	21 	23 	15 	13 	0
KR 	 dot-jump 	 False 	 219 	 circle 	 1024 	 768 	 1.16079767166 	 44.445 	 66.667 	 15 	 2.90199417916 	 -5.02640136157 	 1.50218272469 	 -5.60622225078 	 3.1239013958 	 -5.41978073488 	 False 	 0 	 16 	15 	17 	1 	13 	11 	21 	9 	18 	19 	4 	5 	12 	7 	8 	23 	6 	14 	16 	3 	20 	24 	22 	10 	2 	0
KR 	 dot-jump 	 False 	 220 	 circle 	 1024 	 768 	 1.16079767166 	 44.445 	 66.667 	 10 	 -4.10403952609 	 -4.10403952609 	 5.80398835832 	 0.0 	 -4.32829711466 	 -4.10247291737 	 False 	 12 	 13 	6 	16 	4 	23 	13 	1 	17 	7 	24 	14 	8 	15 	10 	19 	21 	9 	11 	5 	12 	20 	22 	3 	2 	18 	0
KR 	 dot-jump 	 False 	 221 	 circle 	 1024 	 768 	 1.16079767166 	 44.445 	 66.667 	 19 	 5.80398835832 	 0.0 	 4.10403952609 	 -4.10403952609 	 6.09725332674 	 0.225824197287 	 False 	 16 	 15 	24 	13 	23 	4 	7 	3 	18 	21 	14 	9 	1 	10 	17 	22 	15 	16 	19 	8 	11 	2 	12 	6 	20 	5 	0
KR 	 dot-jump 	 False 	 222 	 circle 	 1024 	 768 	 1.16079767166 	 44.445 	 66.667 	 3 	 -2.90199417916 	 5.02640136157 	 5.80398835832 	 0.0 	 -2.55934090258 	 5.2315939038 	 False 	 11 	 10 	24 	8 	20 	21 	15 	14 	4 	9 	11 	5 	19 	3 	12 	18 	10 	7 	16 	1 	2 	6 	22 	23 	13 	17 	0
KR 	 dot-jump 	 False 	 223 	 circle 	 1024 	 768 	 1.16079767166 	 44.445 	 66.667 	 14 	 1.50218272469 	 -5.60622225078 	 5.60622225078 	 -1.50218272469 	 1.91950567694 	 -5.68324229838 	 False 	 3 	 8 	19 	11 	6 	14 	12 	4 	16 	10 	18 	13 	22 	3 	24 	5 	17 	8 	9 	2 	7 	1 	23 	15 	21 	20 	0
KR 	 dot-jump 	 False 	 224 	 circle 	 1024 	 768 	 1.16079767166 	 44.445 	 66.667 	 10 	 -4.10403952609 	 -4.10403952609 	 -1.50218272469 	 5.60622225078 	 -4.25302238223 	 -4.25302238223 	 False 	 14 	 11 	22 	4 	18 	24 	6 	20 	21 	11 	17 	8 	19 	2 	9 	23 	10 	5 	14 	12 	13 	3 	7 	16 	1 	15 	0
KR 	 dot-jump 	 False 	 225 	 circle 	 1024 	 768 	 1.16079767166 	 44.445 	 66.667 	 23 	 2.90199417916 	 5.02640136157 	 -4.10403952609 	 -4.10403952609 	 2.97335193094 	 4.85522024166 	 False 	 15 	 16 	22 	4 	18 	14 	1 	9 	15 	21 	13 	2 	24 	19 	7 	11 	16 	23 	10 	17 	12 	6 	8 	3 	5 	20 	0
KR 	 dot-jump 	 False 	 226 	 circle 	 1024 	 768 	 1.16079767166 	 44.445 	 66.667 	 22 	 4.10403952609 	 4.10403952609 	 2.90199417916 	 5.02640136157 	 4.14011028359 	 4.1777476498 	 False 	 15 	 13 	13 	20 	5 	7 	16 	9 	8 	2 	19 	6 	1 	10 	15 	23 	11 	22 	14 	3 	21 	24 	18 	17 	4 	12 	0
KR 	 dot-jump 	 False 	 227 	 circle 	 1024 	 768 	 1.16079767166 	 44.445 	 66.667 	 15 	 2.90199417916 	 -5.02640136157 	 -5.60622225078 	 1.50218272469 	 3.23681349444 	 -5.08104443895 	 False 	 0 	 11 	15 	10 	4 	24 	23 	13 	7 	21 	9 	12 	2 	6 	16 	5 	22 	11 	1 	18 	19 	3 	17 	14 	8 	20 	0
KR 	 dot-jump 	 False 	 228 	 circle 	 1024 	 768 	 1.16079767166 	 44.445 	 66.667 	 23 	 2.90199417916 	 5.02640136157 	 -1.50218272469 	 -5.60622225078 	 2.78516509987 	 5.30686863623 	 False 	 23 	 15 	16 	5 	21 	13 	22 	20 	3 	10 	4 	6 	1 	7 	18 	24 	9 	12 	17 	11 	14 	19 	8 	15 	2 	23 	0
KR 	 dot-jump 	 False 	 229 	 circle 	 1024 	 768 	 1.16079767166 	 44.445 	 66.667 	 10 	 -4.10403952609 	 -4.10403952609 	 -5.02640136157 	 -2.90199417916 	 -3.76373662144 	 -4.29065974844 	 False 	 3 	 8 	23 	14 	7 	10 	13 	19 	24 	18 	9 	6 	20 	11 	16 	3 	17 	4 	21 	5 	15 	22 	8 	2 	1 	12 	0
KR 	 dot-jump 	 False 	 230 	 circle 	 1024 	 768 	 1.16079767166 	 44.445 	 66.667 	 23 	 2.90199417916 	 5.02640136157 	 4.10403952609 	 -4.10403952609 	 2.93571456472 	 4.9681323403 	 False 	 4 	 12 	22 	8 	6 	20 	23 	11 	18 	7 	1 	5 	15 	4 	16 	3 	9 	14 	10 	13 	2 	19 	12 	24 	21 	17 	0
KR 	 dot-jump 	 False 	 231 	 circle 	 1024 	 768 	 1.16079767166 	 44.445 	 66.667 	 14 	 1.50218272469 	 -5.60622225078 	 5.60622225078 	 1.50218272469 	 1.39258254993 	 -5.49505546731 	 False 	 8 	 9 	22 	19 	15 	7 	12 	10 	17 	11 	14 	20 	23 	13 	3 	1 	21 	24 	5 	4 	16 	8 	6 	18 	9 	2 	0
KR 	 dot-jump 	 False 	 232 	 circle 	 1024 	 768 	 1.16079767166 	 44.445 	 66.667 	 14 	 1.50218272469 	 -5.60622225078 	 -4.10403952609 	 4.10403952609 	 1.58076938101 	 -5.45741810109 	 False 	 17 	 14 	1 	2 	13 	6 	18 	9 	16 	5 	3 	15 	23 	11 	12 	22 	4 	20 	19 	14 	17 	24 	8 	21 	10 	7 	0
KR 	 dot-jump 	 False 	 233 	 circle 	 1024 	 768 	 1.16079767166 	 44.445 	 66.667 	 1 	 0.0 	 5.80398835832 	 1.50218272469 	 5.60622225078 	 -0.150549464858 	 5.98434122809 	 False 	 8 	 10 	17 	22 	19 	10 	11 	21 	18 	12 	1 	4 	24 	3 	14 	7 	16 	23 	20 	2 	13 	8 	15 	6 	9 	5 	0
KR 	 dot-jump 	 False 	 234 	 circle 	 1024 	 768 	 1.16079767166 	 44.445 	 66.667 	 12 	 -1.50218272469 	 -5.60622225078 	 -5.60622225078 	 1.50218272469 	 -1.053846254 	 -5.53269283352 	 False 	 13 	 15 	21 	5 	3 	19 	20 	4 	15 	13 	22 	18 	14 	10 	9 	12 	16 	6 	11 	23 	7 	24 	17 	1 	2 	8 	0
KR 	 dot-jump 	 False 	 235 	 circle 	 1024 	 768 	 1.16079767166 	 44.445 	 66.667 	 6 	 -5.60622225078 	 1.50218272469 	 -5.60622225078 	 -1.50218272469 	 -5.53269283352 	 1.46785728236 	 False 	 12 	 13 	1 	14 	16 	20 	2 	24 	23 	5 	12 	11 	9 	19 	6 	8 	17 	7 	3 	18 	22 	15 	21 	10 	13 	4 	0
KR 	 dot-jump 	 False 	 236 	 circle 	 1024 	 768 	 1.16079767166 	 44.445 	 66.667 	 15 	 2.90199417916 	 -5.02640136157 	 4.10403952609 	 -4.10403952609 	 3.1239013958 	 -4.81758287545 	 False 	 6 	 16 	13 	24 	4 	6 	23 	11 	15 	10 	21 	17 	8 	19 	7 	14 	3 	22 	16 	20 	12 	2 	18 	5 	9 	1 	0
KR 	 dot-jump 	 False 	 237 	 circle 	 1024 	 768 	 1.16079767166 	 44.445 	 66.667 	 19 	 5.80398835832 	 0.0 	 5.80398835832 	 0.0 	 5.83379176324 	 -0.0376373662144 	 True 	 10 	 10 	6 	12 	13 	3 	18 	9 	21 	14 	15 	20 	19 	4 	17 	7 	2 	24 	11 	8 	10 	5 	22 	1 	16 	23 	0
KR 	 dot-jump 	 False 	 238 	 circle 	 1024 	 768 	 1.16079767166 	 44.445 	 66.667 	 5 	 -5.02640136157 	 2.90199417916 	 -5.60622225078 	 -1.50218272469 	 -5.26923127002 	 2.44642880394 	 False 	 14 	 12 	23 	16 	10 	17 	19 	24 	6 	13 	4 	15 	18 	3 	8 	1 	5 	14 	9 	2 	21 	11 	7 	22 	20 	12 	0
KR 	 dot-jump 	 False 	 239 	 circle 	 1024 	 768 	 1.16079767166 	 44.445 	 66.667 	 15 	 2.90199417916 	 -5.02640136157 	 5.60622225078 	 1.50218272469 	 3.1239013958 	 -4.9681323403 	 False 	 9 	 11 	10 	3 	11 	14 	8 	6 	13 	16 	21 	15 	2 	20 	18 	17 	1 	24 	7 	23 	5 	4 	22 	12 	9 	19 	0
KR 	 dot-jump 	 False 	 240 	 circle 	 1024 	 768 	 1.16079767166 	 44.445 	 66.667 	 21 	 5.02640136157 	 2.90199417916 	 5.80398835832 	 0.0 	 4.59175867816 	 2.25824197287 	 False 	 13 	 8 	17 	12 	8 	20 	2 	22 	16 	4 	19 	10 	9 	15 	3 	21 	5 	1 	11 	18 	23 	24 	7 	14 	6 	13 	0
KR 	 dot-jump 	 False 	 241 	 circle 	 1024 	 768 	 1.16079767166 	 44.445 	 66.667 	 11 	 -2.90199417916 	 -5.02640136157 	 -5.02640136157 	 2.90199417916 	 -2.5969782688 	 -4.7046707768 	 False 	 12 	 14 	1 	3 	17 	19 	7 	12 	2 	22 	13 	18 	10 	15 	11 	9 	5 	16 	4 	24 	23 	8 	20 	6 	14 	21 	0
KR 	 dot-jump 	 False 	 242 	 circle 	 1024 	 768 	 1.16079767166 	 44.445 	 66.667 	 16 	 4.10403952609 	 -4.10403952609 	 -5.60622225078 	 1.50218272469 	 3.80137398766 	 -4.36593448087 	 False 	 7 	 9 	20 	5 	14 	13 	2 	4 	1 	16 	15 	6 	3 	8 	23 	17 	22 	11 	10 	7 	21 	9 	18 	24 	12 	19 	0
KR 	 dot-jump 	 False 	 243 	 circle 	 1024 	 768 	 1.16079767166 	 44.445 	 66.667 	 8 	 -5.60622225078 	 -1.50218272469 	 -5.60622225078 	 1.50218272469 	 -5.57033019973 	 -1.73131884586 	 False 	 12 	 14 	10 	4 	22 	5 	23 	9 	2 	17 	12 	21 	13 	24 	8 	18 	6 	11 	7 	15 	14 	1 	20 	16 	3 	19 	0
KR 	 dot-jump 	 False 	 244 	 circle 	 1024 	 768 	 1.16079767166 	 44.445 	 66.667 	 16 	 4.10403952609 	 -4.10403952609 	 0.0 	 5.80398835832 	 4.1777476498 	 -4.06483555116 	 False 	 6 	 15 	22 	20 	23 	18 	2 	7 	16 	24 	13 	11 	10 	14 	5 	17 	15 	1 	8 	9 	4 	12 	21 	3 	19 	6 	0
KR 	 dot-jump 	 False 	 245 	 circle 	 1024 	 768 	 1.16079767166 	 44.445 	 66.667 	 14 	 1.50218272469 	 -5.60622225078 	 4.10403952609 	 -4.10403952609 	 1.76895621208 	 -5.68324229838 	 False 	 14 	 13 	2 	11 	22 	18 	1 	12 	7 	9 	20 	8 	23 	6 	3 	16 	14 	21 	17 	4 	24 	13 	15 	19 	10 	5 	0
KR 	 dot-jump 	 False 	 246 	 circle 	 1024 	 768 	 1.16079767166 	 44.445 	 66.667 	 3 	 -2.90199417916 	 5.02640136157 	 1.50218272469 	 5.60622225078 	 -2.89807719851 	 5.15631917138 	 False 	 12 	 10 	9 	1 	11 	23 	17 	6 	22 	7 	4 	14 	24 	15 	3 	5 	19 	20 	12 	2 	18 	16 	13 	21 	10 	8 	0
KR 	 dot-jump 	 False 	 247 	 circle 	 1024 	 768 	 1.16079767166 	 44.445 	 66.667 	 1 	 0.0 	 5.80398835832 	 -1.50218272469 	 5.60622225078 	 -0.0752747324288 	 5.53269283352 	 False 	 0 	 11 	1 	10 	22 	15 	17 	9 	8 	16 	11 	6 	20 	2 	24 	19 	18 	3 	4 	12 	23 	21 	14 	5 	7 	13 	0
KR 	 dot-jump 	 False 	 248 	 circle 	 1024 	 768 	 1.16079767166 	 44.445 	 66.667 	 4 	 -4.10403952609 	 4.10403952609 	 -2.90199417916 	 5.02640136157 	 -3.98956081873 	 4.25302238223 	 False 	 3 	 9 	19 	16 	21 	4 	15 	5 	2 	6 	23 	3 	18 	20 	7 	22 	12 	13 	1 	10 	11 	9 	17 	8 	24 	14 	0
KR 	 dot-jump 	 False 	 249 	 circle 	 1024 	 768 	 1.16079767166 	 44.445 	 66.667 	 3 	 -2.90199417916 	 5.02640136157 	 5.02640136157 	 -2.90199417916 	 -2.89807719851 	 4.9681323403 	 False 	 1 	 16 	12 	3 	15 	24 	10 	1 	8 	14 	20 	11 	13 	19 	4 	23 	5 	9 	17 	2 	7 	21 	18 	16 	22 	6 	0
KR 	 dot-jump 	 False 	 250 	 circle 	 1024 	 768 	 1.16079767166 	 44.445 	 66.667 	 10 	 -4.10403952609 	 -4.10403952609 	 -5.02640136157 	 2.90199417916 	 -4.29065974844 	 -4.47884657952 	 False 	 14 	 12 	9 	21 	18 	7 	16 	17 	3 	2 	12 	23 	15 	4 	5 	8 	10 	1 	20 	13 	11 	24 	14 	6 	22 	19 	0
KR 	 dot-jump 	 False 	 251 	 circle 	 1024 	 768 	 1.16079767166 	 44.445 	 66.667 	 16 	 4.10403952609 	 -4.10403952609 	 5.60622225078 	 -1.50218272469 	 4.25302238223 	 -4.32829711466 	 False 	 7 	 8 	12 	5 	22 	9 	17 	1 	14 	16 	18 	15 	11 	21 	3 	23 	24 	4 	10 	13 	2 	8 	20 	19 	6 	7 	0
KR 	 dot-jump 	 False 	 252 	 circle 	 1024 	 768 	 1.16079767166 	 44.445 	 66.667 	 2 	 -1.50218272469 	 5.60622225078 	 1.50218272469 	 5.60622225078 	 -1.58076938101 	 5.72087966459 	 False 	 17 	 16 	3 	7 	17 	8 	4 	20 	6 	14 	12 	13 	15 	11 	19 	5 	23 	16 	24 	2 	1 	10 	9 	18 	21 	22 	0
KR 	 dot-jump 	 False 	 253 	 circle 	 1024 	 768 	 1.16079767166 	 44.445 	 66.667 	 1 	 0.0 	 5.80398835832 	 1.50218272469 	 5.60622225078 	 0.0 	 5.87142912945 	 False 	 13 	 10 	19 	22 	16 	2 	3 	6 	21 	5 	11 	4 	24 	7 	20 	1 	8 	12 	18 	10 	23 	13 	14 	9 	15 	17 	0
KR 	 dot-jump 	 False 	 254 	 circle 	 1024 	 768 	 1.16079767166 	 44.445 	 66.667 	 2 	 -1.50218272469 	 5.60622225078 	 5.02640136157 	 2.90199417916 	 -1.88186831072 	 5.45741810109 	 False 	 5 	 9 	13 	16 	9 	14 	3 	2 	18 	17 	20 	21 	15 	23 	22 	19 	10 	1 	11 	8 	7 	6 	5 	4 	24 	12 	0
KR 	 dot-jump 	 False 	 255 	 circle 	 1024 	 768 	 1.16079767166 	 44.445 	 66.667 	 2 	 -1.50218272469 	 5.60622225078 	 0.0 	 5.80398835832 	 -1.80659357829 	 5.68324229838 	 False 	 4 	 14 	5 	10 	19 	14 	2 	3 	17 	13 	23 	12 	15 	18 	22 	8 	1 	4 	7 	16 	20 	9 	6 	11 	24 	21 	0
KR 	 dot-jump 	 False 	 256 	 circle 	 1024 	 768 	 1.16079767166 	 44.445 	 66.667 	 3 	 -2.90199417916 	 5.02640136157 	 -1.50218272469 	 5.60622225078 	 -2.82280246608 	 5.15631917138 	 False 	 1 	 11 	17 	3 	14 	6 	16 	4 	24 	10 	15 	21 	13 	2 	12 	22 	8 	9 	1 	7 	19 	11 	5 	23 	18 	20 	0
KR 	 dot-jump 	 False 	 257 	 circle 	 1024 	 768 	 1.16079767166 	 44.445 	 66.667 	 22 	 4.10403952609 	 4.10403952609 	 2.90199417916 	 5.02640136157 	 4.10247291737 	 4.32829711466 	 False 	 13 	 15 	11 	3 	1 	20 	16 	8 	2 	6 	15 	21 	24 	5 	9 	22 	18 	23 	10 	13 	14 	4 	17 	12 	7 	19 	0
KR 	 dot-jump 	 False 	 258 	 circle 	 1024 	 768 	 1.16079767166 	 44.445 	 66.667 	 12 	 -1.50218272469 	 -5.60622225078 	 0.0 	 -5.80398835832 	 -1.46785728236 	 -5.26923127002 	 False 	 16 	 8 	23 	24 	16 	6 	1 	11 	7 	14 	13 	10 	5 	19 	17 	20 	9 	2 	12 	8 	18 	4 	15 	21 	22 	3 	0
KR 	 dot-jump 	 False 	 259 	 circle 	 1024 	 768 	 1.16079767166 	 44.445 	 66.667 	 15 	 2.90199417916 	 -5.02640136157 	 -5.60622225078 	 -1.50218272469 	 3.31208822687 	 -4.85522024166 	 False 	 11 	 13 	22 	7 	19 	20 	4 	14 	9 	12 	17 	6 	23 	15 	21 	8 	5 	1 	3 	11 	18 	10 	24 	16 	13 	2 	0
KR 	 dot-jump 	 False 	 260 	 circle 	 1024 	 768 	 1.16079767166 	 44.445 	 66.667 	 13 	 0.0 	 -5.80398835832 	 0.0 	 -5.80398835832 	 -0.301098929715 	 -5.79615439702 	 True 	 12 	 12 	24 	17 	14 	22 	15 	23 	11 	1 	4 	19 	6 	21 	13 	20 	18 	7 	12 	3 	8 	16 	2 	5 	10 	9 	0
KR 	 dot-jump 	 False 	 261 	 circle 	 1024 	 768 	 1.16079767166 	 44.445 	 66.667 	 14 	 1.50218272469 	 -5.60622225078 	 4.10403952609 	 4.10403952609 	 1.12912098643 	 -5.30686863623 	 False 	 22 	 9 	18 	6 	15 	11 	23 	3 	9 	4 	16 	22 	13 	5 	20 	1 	12 	7 	8 	24 	10 	17 	19 	21 	14 	2 	0
KR 	 dot-jump 	 False 	 262 	 circle 	 1024 	 768 	 1.16079767166 	 44.445 	 66.667 	 11 	 -2.90199417916 	 -5.02640136157 	 5.60622225078 	 -1.50218272469 	 -2.97335193094 	 -4.77994550923 	 False 	 13 	 10 	13 	8 	2 	12 	23 	1 	15 	20 	17 	10 	18 	7 	4 	11 	6 	19 	14 	22 	9 	16 	5 	21 	24 	3 	0
KR 	 dot-jump 	 False 	 263 	 circle 	 1024 	 768 	 1.16079767166 	 44.445 	 66.667 	 8 	 -5.60622225078 	 -1.50218272469 	 5.80398835832 	 0.0 	 -5.41978073488 	 -1.43021991615 	 False 	 18 	 16 	2 	10 	15 	7 	23 	22 	21 	13 	1 	24 	16 	4 	11 	9 	12 	6 	19 	18 	8 	3 	17 	14 	5 	20 	0
KR 	 dot-jump 	 False 	 264 	 circle 	 1024 	 768 	 1.16079767166 	 44.445 	 66.667 	 11 	 -2.90199417916 	 -5.02640136157 	 -2.90199417916 	 -5.02640136157 	 -3.04862666337 	 -5.00576970652 	 True 	 14 	 14 	20 	5 	21 	1 	17 	9 	7 	12 	6 	14 	8 	19 	13 	16 	11 	3 	15 	2 	23 	4 	10 	18 	24 	22 	0
KR 	 dot-jump 	 False 	 265 	 circle 	 1024 	 768 	 1.16079767166 	 44.445 	 66.667 	 14 	 1.50218272469 	 -5.60622225078 	 2.90199417916 	 5.02640136157 	 1.76895621208 	 -5.45741810109 	 False 	 17 	 11 	10 	16 	20 	7 	9 	13 	4 	19 	18 	24 	17 	23 	12 	6 	15 	8 	3 	14 	21 	2 	1 	5 	11 	22 	0
KR 	 dot-jump 	 False 	 266 	 circle 	 1024 	 768 	 1.16079767166 	 44.445 	 66.667 	 24 	 1.50218272469 	 5.60622225078 	 5.80398835832 	 0.0 	 1.46785728236 	 5.90906649566 	 False 	 4 	 12 	15 	23 	4 	2 	24 	7 	5 	20 	21 	6 	18 	1 	19 	9 	14 	17 	11 	10 	22 	13 	8 	16 	3 	12 	0
KR 	 dot-jump 	 False 	 267 	 circle 	 1024 	 768 	 1.16079767166 	 44.445 	 66.667 	 7 	 -5.80398835832 	 0.0 	 0.0 	 -5.80398835832 	 -5.53269283352 	 0.0 	 False 	 21 	 13 	24 	6 	14 	16 	2 	10 	21 	9 	23 	4 	15 	17 	5 	13 	8 	12 	20 	18 	3 	22 	1 	7 	11 	19 	0
KR 	 dot-jump 	 False 	 268 	 circle 	 1024 	 768 	 1.16079767166 	 44.445 	 66.667 	 11 	 -2.90199417916 	 -5.02640136157 	 5.02640136157 	 -2.90199417916 	 -2.55934090258 	 -4.89285760787 	 False 	 17 	 8 	8 	5 	3 	15 	13 	14 	20 	10 	17 	21 	24 	4 	2 	23 	9 	6 	7 	11 	12 	16 	1 	19 	18 	22 	0
KR 	 dot-jump 	 False 	 269 	 circle 	 1024 	 768 	 1.16079767166 	 44.445 	 66.667 	 11 	 -2.90199417916 	 -5.02640136157 	 -2.90199417916 	 -5.02640136157 	 -2.97335193094 	 -4.77994550923 	 True 	 15 	 15 	4 	15 	7 	13 	3 	10 	17 	18 	23 	1 	8 	2 	20 	22 	12 	11 	19 	24 	16 	6 	9 	21 	5 	14 	0
