subject 	task 	staircase 	trialNum 	stimulus 	monitorWidth 	monitorHeight 	stimHeight  	ISI 	SOA 	responseSpatialPos 	responseX 	responseY 	correctX 	correctY 	clickX 	clickY 	accuracy 	responsePosInStream 	correctPosInStream 	position0 	position1 	position2 	position3 	position4 	position5 	position6 	position7 	position8 	position9 	position10 	position11 	position12 	position13 	position14 	position15 	position16 	position17 	position18 	position19 	position20 	position21 	position22 	position23 	longFrames
WN 	 dot-jump 	 False 	 0 	 circle 	 1024 	 768 	 1.16079767166 	 44.445 	 66.667 	 21 	 5.02640136157 	 2.90199417916 	 -5.60622225078 	 1.50218272469 	 17.5013752897 	 12.984891344 	 False 	 19 	 13 	24 	17 	23 	8 	19 	22 	16 	10 	2 	9 	14 	12 	7 	6 	20 	5 	3 	13 	4 	21 	11 	18 	1 	15 	0
WN 	 dot-jump 	 False 	 1 	 circle 	 1024 	 768 	 1.16079767166 	 44.445 	 66.667 	 22 	 4.10403952609 	 4.10403952609 	 -4.10403952609 	 -4.10403952609 	 17.2755510924 	 14.4527486263 	 False 	 13 	 8 	4 	24 	16 	19 	2 	5 	23 	8 	10 	11 	18 	21 	17 	22 	14 	12 	13 	20 	15 	6 	3 	1 	7 	9 	0
WN 	 dot-jump 	 False 	 2 	 circle 	 1024 	 768 	 1.16079767166 	 44.445 	 66.667 	 8 	 -5.60622225078 	 -1.50218272469 	 -5.02640136157 	 2.90199417916 	 -5.72087966459 	 -1.61840674722 	 False 	 1 	 14 	3 	8 	2 	20 	18 	23 	10 	21 	7 	11 	1 	22 	13 	24 	5 	6 	16 	17 	12 	15 	9 	14 	4 	19 	0
WN 	 dot-jump 	 False 	 3 	 circle 	 1024 	 768 	 1.16079767166 	 44.445 	 66.667 	 20 	 5.60622225078 	 1.50218272469 	 -5.60622225078 	 1.50218272469 	 5.34450600245 	 1.35494518372 	 False 	 11 	 12 	18 	16 	13 	22 	11 	7 	9 	24 	2 	5 	23 	20 	6 	3 	10 	8 	1 	4 	15 	19 	14 	21 	12 	17 	0
WN 	 dot-jump 	 False 	 4 	 circle 	 1024 	 768 	 1.16079767166 	 44.445 	 66.667 	 5 	 -5.02640136157 	 2.90199417916 	 -5.60622225078 	 1.50218272469 	 -4.74230814302 	 2.70989036744 	 False 	 3 	 16 	17 	10 	9 	5 	7 	1 	19 	2 	15 	20 	24 	3 	14 	16 	13 	4 	6 	18 	11 	12 	22 	23 	21 	8 	0
WN 	 dot-jump 	 False 	 5 	 circle 	 1024 	 768 	 1.16079767166 	 44.445 	 66.667 	 9 	 -5.02640136157 	 -2.90199417916 	 -5.80398835832 	 0.0 	 -5.30686863623 	 -2.8604398323 	 False 	 7 	 9 	18 	24 	10 	2 	14 	13 	17 	9 	15 	7 	6 	20 	8 	12 	1 	22 	23 	21 	11 	4 	19 	5 	16 	3 	0
WN 	 dot-jump 	 False 	 6 	 circle 	 1024 	 768 	 1.16079767166 	 44.445 	 66.667 	 11 	 -2.90199417916 	 -5.02640136157 	 4.10403952609 	 4.10403952609 	 -3.01098929715 	 -5.15631917138 	 False 	 2 	 11 	7 	17 	11 	6 	13 	23 	24 	3 	21 	10 	14 	22 	9 	2 	8 	19 	16 	5 	15 	1 	18 	4 	12 	20 	0
WN 	 dot-jump 	 False 	 7 	 circle 	 1024 	 768 	 1.16079767166 	 44.445 	 66.667 	 4 	 -4.10403952609 	 4.10403952609 	 -5.02640136157 	 2.90199417916 	 -3.61318715658 	 3.87664872009 	 False 	 11 	 10 	24 	2 	16 	21 	15 	14 	6 	19 	20 	1 	5 	4 	10 	22 	11 	23 	18 	13 	9 	17 	12 	8 	7 	3 	0
WN 	 dot-jump 	 False 	 8 	 circle 	 1024 	 768 	 1.16079767166 	 44.445 	 66.667 	 19 	 5.80398835832 	 0.0 	 5.60622225078 	 1.50218272469 	 5.53269283352 	 0.112912098643 	 False 	 7 	 15 	9 	22 	13 	2 	21 	3 	15 	19 	6 	5 	12 	1 	17 	14 	11 	20 	8 	4 	10 	23 	16 	24 	7 	18 	0
WN 	 dot-jump 	 False 	 9 	 circle 	 1024 	 768 	 1.16079767166 	 44.445 	 66.667 	 3 	 -2.90199417916 	 5.02640136157 	 5.60622225078 	 -1.50218272469 	 -2.8604398323 	 5.00576970652 	 False 	 5 	 14 	2 	1 	16 	15 	23 	3 	12 	13 	17 	7 	24 	19 	5 	14 	18 	8 	4 	11 	20 	22 	9 	6 	21 	10 	0
WN 	 dot-jump 	 False 	 10 	 circle 	 1024 	 768 	 1.16079767166 	 44.445 	 66.667 	 24 	 1.50218272469 	 5.60622225078 	 5.80398835832 	 0.0 	 1.65604411343 	 5.15631917138 	 False 	 15 	 16 	9 	18 	17 	23 	13 	3 	1 	11 	22 	7 	20 	14 	15 	21 	8 	24 	19 	12 	6 	5 	2 	10 	4 	16 	0
WN 	 dot-jump 	 False 	 11 	 circle 	 1024 	 768 	 1.16079767166 	 44.445 	 66.667 	 22 	 4.10403952609 	 4.10403952609 	 5.80398835832 	 0.0 	 3.95192345251 	 3.61318715658 	 False 	 13 	 12 	1 	6 	21 	20 	5 	23 	13 	7 	12 	9 	15 	24 	19 	22 	17 	10 	16 	4 	2 	8 	11 	14 	18 	3 	0
WN 	 dot-jump 	 False 	 12 	 circle 	 1024 	 768 	 1.16079767166 	 44.445 	 66.667 	 6 	 -5.60622225078 	 1.50218272469 	 -5.60622225078 	 1.50218272469 	 -5.2315939038 	 1.3173078175 	 True 	 13 	 13 	8 	3 	21 	9 	2 	1 	4 	7 	14 	17 	22 	5 	18 	6 	20 	16 	19 	12 	15 	11 	24 	10 	13 	23 	0
WN 	 dot-jump 	 False 	 13 	 circle 	 1024 	 768 	 1.16079767166 	 44.445 	 66.667 	 6 	 -5.60622225078 	 1.50218272469 	 -2.90199417916 	 5.02640136157 	 -5.34450600245 	 1.053846254 	 False 	 11 	 9 	16 	12 	7 	21 	15 	2 	17 	20 	8 	3 	11 	6 	19 	22 	24 	14 	5 	1 	18 	9 	23 	4 	10 	13 	0
WN 	 dot-jump 	 False 	 14 	 circle 	 1024 	 768 	 1.16079767166 	 44.445 	 66.667 	 3 	 -2.90199417916 	 5.02640136157 	 1.50218272469 	 -5.60622225078 	 -2.5969782688 	 5.04340707273 	 False 	 13 	 11 	24 	4 	2 	17 	5 	18 	23 	10 	22 	19 	1 	14 	13 	3 	8 	7 	12 	16 	21 	11 	9 	15 	6 	20 	0
WN 	 dot-jump 	 False 	 15 	 circle 	 1024 	 768 	 1.16079767166 	 44.445 	 66.667 	 1 	 0.0 	 5.80398835832 	 4.10403952609 	 -4.10403952609 	 0.0752747324288 	 5.41978073488 	 False 	 17 	 15 	15 	4 	17 	20 	22 	6 	8 	21 	24 	9 	19 	14 	5 	23 	18 	16 	11 	1 	13 	12 	7 	3 	10 	2 	0
WN 	 dot-jump 	 False 	 16 	 circle 	 1024 	 768 	 1.16079767166 	 44.445 	 66.667 	 16 	 4.10403952609 	 -4.10403952609 	 2.90199417916 	 -5.02640136157 	 4.1777476498 	 -3.95192345251 	 False 	 1 	 8 	1 	16 	13 	11 	10 	20 	3 	5 	15 	18 	23 	7 	4 	22 	21 	12 	24 	2 	19 	6 	14 	8 	17 	9 	0
WN 	 dot-jump 	 False 	 17 	 circle 	 1024 	 768 	 1.16079767166 	 44.445 	 66.667 	 18 	 5.60622225078 	 -1.50218272469 	 0.0 	 -5.80398835832 	 5.60796756595 	 -1.69368147965 	 False 	 20 	 10 	7 	3 	4 	17 	11 	6 	8 	21 	22 	1 	13 	19 	2 	10 	5 	16 	20 	24 	14 	23 	18 	12 	15 	9 	0
WN 	 dot-jump 	 False 	 18 	 circle 	 1024 	 768 	 1.16079767166 	 44.445 	 66.667 	 10 	 -4.10403952609 	 -4.10403952609 	 -4.10403952609 	 4.10403952609 	 -4.40357184709 	 -3.95192345251 	 False 	 17 	 14 	23 	14 	5 	2 	3 	24 	17 	16 	13 	19 	21 	11 	9 	1 	4 	8 	18 	10 	7 	6 	22 	20 	12 	15 	0
WN 	 dot-jump 	 False 	 19 	 circle 	 1024 	 768 	 1.16079767166 	 44.445 	 66.667 	 8 	 -5.60622225078 	 -1.50218272469 	 -5.60622225078 	 -1.50218272469 	 -5.38214336866 	 -1.58076938101 	 True 	 16 	 16 	17 	12 	11 	1 	23 	5 	16 	2 	20 	22 	6 	4 	15 	24 	9 	7 	8 	21 	19 	3 	14 	18 	10 	13 	0
WN 	 dot-jump 	 False 	 20 	 circle 	 1024 	 768 	 1.16079767166 	 44.445 	 66.667 	 1 	 0.0 	 5.80398835832 	 -1.50218272469 	 -5.60622225078 	 0.0 	 5.49505546731 	 False 	 13 	 15 	17 	9 	21 	16 	5 	10 	15 	14 	22 	23 	4 	24 	2 	1 	6 	12 	7 	18 	20 	8 	3 	19 	11 	13 	0
WN 	 dot-jump 	 False 	 21 	 circle 	 1024 	 768 	 1.16079767166 	 44.445 	 66.667 	 10 	 -4.10403952609 	 -4.10403952609 	 2.90199417916 	 -5.02640136157 	 -3.80137398766 	 -4.40357184709 	 False 	 0 	 12 	10 	17 	4 	5 	14 	16 	3 	22 	24 	20 	6 	9 	15 	11 	1 	23 	13 	12 	8 	7 	19 	18 	21 	2 	0
WN 	 dot-jump 	 False 	 22 	 circle 	 1024 	 768 	 1.16079767166 	 44.445 	 66.667 	 10 	 -4.10403952609 	 -4.10403952609 	 5.60622225078 	 -1.50218272469 	 -4.29065974844 	 -3.87664872009 	 False 	 16 	 13 	13 	3 	8 	21 	2 	24 	4 	22 	19 	12 	7 	16 	9 	18 	1 	17 	10 	23 	11 	20 	5 	6 	14 	15 	0
WN 	 dot-jump 	 False 	 23 	 circle 	 1024 	 768 	 1.16079767166 	 44.445 	 66.667 	 3 	 -2.90199417916 	 5.02640136157 	 1.50218272469 	 -5.60622225078 	 -2.93571456472 	 4.62939604437 	 False 	 5 	 10 	7 	5 	9 	1 	12 	3 	8 	21 	4 	13 	14 	20 	19 	24 	23 	6 	18 	15 	22 	17 	10 	16 	11 	2 	0
WN 	 dot-jump 	 False 	 24 	 circle 	 1024 	 768 	 1.16079767166 	 44.445 	 66.667 	 13 	 0.0 	 -5.80398835832 	 -2.90199417916 	 -5.02640136157 	 -0.0752747324288 	 -5.34450600245 	 False 	 4 	 8 	24 	7 	20 	6 	13 	22 	23 	10 	11 	12 	19 	14 	17 	3 	9 	8 	18 	2 	4 	15 	5 	1 	16 	21 	0
WN 	 dot-jump 	 False 	 25 	 circle 	 1024 	 768 	 1.16079767166 	 44.445 	 66.667 	 3 	 -2.90199417916 	 5.02640136157 	 5.60622225078 	 -1.50218272469 	 -2.48406617015 	 4.59175867816 	 False 	 14 	 9 	16 	7 	9 	20 	1 	4 	24 	5 	12 	18 	2 	21 	23 	10 	3 	17 	19 	14 	13 	15 	22 	8 	6 	11 	0
WN 	 dot-jump 	 False 	 26 	 circle 	 1024 	 768 	 1.16079767166 	 44.445 	 66.667 	 9 	 -5.02640136157 	 -2.90199417916 	 -2.90199417916 	 5.02640136157 	 -4.85522024166 	 -3.08626402958 	 False 	 13 	 11 	18 	23 	11 	2 	12 	19 	1 	20 	5 	15 	7 	3 	8 	9 	13 	22 	14 	4 	10 	24 	21 	16 	6 	17 	0
WN 	 dot-jump 	 False 	 27 	 circle 	 1024 	 768 	 1.16079767166 	 44.445 	 66.667 	 4 	 -4.10403952609 	 4.10403952609 	 -5.02640136157 	 2.90199417916 	 -4.32829711466 	 3.57554979037 	 False 	 12 	 13 	9 	8 	20 	15 	24 	3 	12 	1 	16 	17 	22 	14 	4 	5 	18 	21 	6 	7 	19 	10 	11 	2 	23 	13 	0
WN 	 dot-jump 	 False 	 28 	 circle 	 1024 	 768 	 1.16079767166 	 44.445 	 66.667 	 6 	 -5.60622225078 	 1.50218272469 	 2.90199417916 	 -5.02640136157 	 -5.2315939038 	 1.43021991615 	 False 	 11 	 9 	23 	19 	10 	5 	7 	18 	2 	21 	4 	15 	13 	6 	24 	20 	16 	1 	12 	14 	3 	11 	8 	17 	22 	9 	0
WN 	 dot-jump 	 False 	 29 	 circle 	 1024 	 768 	 1.16079767166 	 44.445 	 66.667 	 11 	 -2.90199417916 	 -5.02640136157 	 5.80398835832 	 0.0 	 -2.52170353637 	 -5.00576970652 	 False 	 21 	 12 	9 	3 	24 	15 	8 	12 	5 	18 	10 	20 	23 	22 	19 	2 	7 	6 	13 	21 	1 	17 	14 	11 	16 	4 	0
WN 	 dot-jump 	 False 	 30 	 circle 	 1024 	 768 	 1.16079767166 	 44.445 	 66.667 	 13 	 0.0 	 -5.80398835832 	 -2.90199417916 	 -5.02640136157 	 -0.263461563501 	 -5.49505546731 	 False 	 18 	 16 	19 	21 	7 	16 	2 	18 	10 	6 	20 	5 	22 	23 	4 	24 	3 	14 	11 	12 	13 	8 	17 	15 	9 	1 	0
WN 	 dot-jump 	 False 	 31 	 circle 	 1024 	 768 	 1.16079767166 	 44.445 	 66.667 	 5 	 -5.02640136157 	 2.90199417916 	 -5.02640136157 	 2.90199417916 	 -4.93049497409 	 3.04862666337 	 True 	 10 	 10 	3 	18 	2 	9 	4 	17 	21 	7 	6 	20 	5 	10 	22 	23 	24 	16 	12 	1 	13 	19 	11 	15 	8 	14 	0
WN 	 dot-jump 	 False 	 32 	 circle 	 1024 	 768 	 1.16079767166 	 44.445 	 66.667 	 11 	 -2.90199417916 	 -5.02640136157 	 -4.10403952609 	 -4.10403952609 	 -3.01098929715 	 -4.9681323403 	 False 	 23 	 14 	2 	1 	24 	3 	17 	20 	6 	14 	8 	4 	7 	15 	21 	13 	10 	9 	22 	18 	19 	12 	16 	5 	23 	11 	0
WN 	 dot-jump 	 False 	 33 	 circle 	 1024 	 768 	 1.16079767166 	 44.445 	 66.667 	 17 	 5.02640136157 	 -2.90199417916 	 4.10403952609 	 -4.10403952609 	 4.81758287545 	 -2.89807719851 	 False 	 14 	 11 	4 	12 	5 	10 	11 	6 	3 	24 	20 	8 	14 	16 	23 	15 	17 	22 	19 	2 	7 	9 	18 	21 	13 	1 	0
WN 	 dot-jump 	 False 	 34 	 circle 	 1024 	 768 	 1.16079767166 	 44.445 	 66.667 	 11 	 -2.90199417916 	 -5.02640136157 	 -5.60622225078 	 -1.50218272469 	 -3.1239013958 	 -4.89285760787 	 False 	 10 	 8 	1 	17 	22 	20 	12 	9 	15 	4 	8 	14 	11 	18 	13 	10 	23 	5 	21 	2 	3 	24 	7 	19 	6 	16 	0
WN 	 dot-jump 	 False 	 35 	 circle 	 1024 	 768 	 1.16079767166 	 44.445 	 66.667 	 6 	 -5.60622225078 	 1.50218272469 	 -5.80398835832 	 0.0 	 -5.41978073488 	 1.01620888779 	 False 	 16 	 15 	11 	23 	24 	15 	12 	10 	5 	9 	3 	20 	14 	21 	4 	8 	1 	7 	6 	18 	16 	13 	19 	2 	17 	22 	0
WN 	 dot-jump 	 False 	 36 	 circle 	 1024 	 768 	 1.16079767166 	 44.445 	 66.667 	 18 	 5.60622225078 	 -1.50218272469 	 -1.50218272469 	 -5.60622225078 	 5.38214336866 	 -1.54313201479 	 False 	 10 	 16 	13 	21 	16 	8 	4 	2 	10 	3 	24 	23 	18 	17 	9 	20 	19 	5 	12 	7 	11 	6 	15 	14 	22 	1 	0
WN 	 dot-jump 	 False 	 37 	 circle 	 1024 	 768 	 1.16079767166 	 44.445 	 66.667 	 12 	 -1.50218272469 	 -5.60622225078 	 -5.80398835832 	 0.0 	 -1.61840674722 	 -5.94670386188 	 False 	 9 	 13 	1 	9 	22 	14 	3 	2 	8 	4 	10 	12 	21 	18 	6 	7 	11 	24 	16 	19 	20 	5 	15 	17 	13 	23 	0
WN 	 dot-jump 	 False 	 38 	 circle 	 1024 	 768 	 1.16079767166 	 44.445 	 66.667 	 11 	 -2.90199417916 	 -5.02640136157 	 4.10403952609 	 -4.10403952609 	 -3.19917612823 	 -5.00576970652 	 False 	 19 	 15 	13 	20 	19 	14 	15 	24 	3 	1 	8 	6 	12 	23 	5 	21 	22 	16 	7 	17 	4 	11 	2 	9 	18 	10 	0
WN 	 dot-jump 	 False 	 39 	 circle 	 1024 	 768 	 1.16079767166 	 44.445 	 66.667 	 5 	 -5.02640136157 	 2.90199417916 	 2.90199417916 	 5.02640136157 	 -4.85522024166 	 2.82280246608 	 False 	 6 	 10 	3 	2 	24 	10 	22 	7 	5 	19 	20 	13 	23 	8 	4 	9 	17 	1 	12 	6 	14 	16 	18 	11 	15 	21 	0
WN 	 dot-jump 	 False 	 40 	 circle 	 1024 	 768 	 1.16079767166 	 44.445 	 66.667 	 24 	 1.50218272469 	 5.60622225078 	 5.60622225078 	 -1.50218272469 	 1.58076938101 	 5.11868180516 	 False 	 18 	 8 	21 	23 	1 	6 	11 	22 	5 	7 	18 	10 	13 	15 	2 	20 	4 	3 	12 	8 	24 	14 	16 	9 	17 	19 	0
WN 	 dot-jump 	 False 	 41 	 circle 	 1024 	 768 	 1.16079767166 	 44.445 	 66.667 	 2 	 -1.50218272469 	 5.60622225078 	 5.02640136157 	 2.90199417916 	 -1.95714304315 	 5.90906649566 	 False 	 10 	 11 	24 	9 	4 	11 	8 	15 	13 	14 	6 	7 	2 	21 	1 	10 	22 	23 	3 	12 	18 	17 	19 	20 	16 	5 	0
WN 	 dot-jump 	 False 	 42 	 circle 	 1024 	 768 	 1.16079767166 	 44.445 	 66.667 	 7 	 -5.80398835832 	 0.0 	 -5.80398835832 	 0.0 	 -5.60796756595 	 -0.188186831072 	 True 	 12 	 12 	21 	23 	20 	12 	11 	3 	9 	15 	18 	8 	4 	24 	7 	10 	16 	14 	2 	13 	17 	19 	5 	22 	6 	1 	0
WN 	 dot-jump 	 False 	 43 	 circle 	 1024 	 768 	 1.16079767166 	 44.445 	 66.667 	 20 	 5.60622225078 	 1.50218272469 	 0.0 	 -5.80398835832 	 5.57033019973 	 1.43021991615 	 False 	 12 	 14 	24 	1 	19 	15 	10 	2 	14 	6 	11 	21 	17 	3 	20 	4 	13 	7 	5 	23 	16 	8 	12 	18 	9 	22 	0
WN 	 dot-jump 	 False 	 44 	 circle 	 1024 	 768 	 1.16079767166 	 44.445 	 66.667 	 15 	 2.90199417916 	 -5.02640136157 	 4.10403952609 	 4.10403952609 	 2.70989036744 	 -5.19395653759 	 False 	 13 	 9 	16 	6 	1 	17 	4 	13 	12 	18 	3 	22 	20 	2 	5 	15 	7 	21 	24 	9 	10 	8 	23 	14 	11 	19 	0
WN 	 dot-jump 	 False 	 45 	 circle 	 1024 	 768 	 1.16079767166 	 44.445 	 66.667 	 19 	 5.80398835832 	 0.0 	 -5.80398835832 	 0.0 	 5.64560493216 	 -0.414011028359 	 False 	 9 	 8 	15 	6 	24 	20 	1 	21 	16 	18 	7 	19 	13 	10 	23 	3 	8 	22 	14 	2 	11 	9 	5 	4 	12 	17 	0
WN 	 dot-jump 	 False 	 46 	 circle 	 1024 	 768 	 1.16079767166 	 44.445 	 66.667 	 3 	 -2.90199417916 	 5.02640136157 	 -1.50218272469 	 5.60622225078 	 -2.89807719851 	 4.4412092133 	 False 	 14 	 12 	7 	14 	1 	8 	17 	22 	16 	18 	19 	10 	4 	13 	2 	21 	3 	24 	6 	9 	5 	23 	20 	15 	12 	11 	0
WN 	 dot-jump 	 False 	 47 	 circle 	 1024 	 768 	 1.16079767166 	 44.445 	 66.667 	 13 	 0.0 	 -5.80398835832 	 5.02640136157 	 -2.90199417916 	 0.0376373662144 	 -5.49505546731 	 False 	 13 	 14 	20 	21 	8 	22 	12 	1 	24 	11 	6 	10 	4 	2 	23 	13 	17 	5 	18 	19 	14 	16 	9 	3 	15 	7 	0
WN 	 dot-jump 	 False 	 48 	 circle 	 1024 	 768 	 1.16079767166 	 44.445 	 66.667 	 15 	 2.90199417916 	 -5.02640136157 	 2.90199417916 	 -5.02640136157 	 2.63461563501 	 -4.93049497409 	 True 	 10 	 10 	4 	17 	20 	16 	18 	19 	22 	9 	13 	24 	15 	7 	1 	3 	6 	5 	21 	2 	10 	11 	23 	14 	8 	12 	0
WN 	 dot-jump 	 False 	 49 	 circle 	 1024 	 768 	 1.16079767166 	 44.445 	 66.667 	 20 	 5.60622225078 	 1.50218272469 	 1.50218272469 	 5.60622225078 	 5.08104443895 	 1.46785728236 	 False 	 10 	 11 	22 	3 	7 	15 	23 	11 	10 	17 	18 	9 	20 	24 	4 	12 	19 	2 	16 	14 	21 	5 	1 	8 	13 	6 	0
WN 	 dot-jump 	 False 	 50 	 circle 	 1024 	 768 	 1.16079767166 	 44.445 	 66.667 	 24 	 1.50218272469 	 5.60622225078 	 5.02640136157 	 2.90199417916 	 1.54313201479 	 5.11868180516 	 False 	 8 	 15 	14 	22 	10 	23 	20 	6 	1 	11 	24 	8 	15 	3 	2 	12 	13 	21 	16 	4 	18 	5 	9 	7 	17 	19 	0
WN 	 dot-jump 	 False 	 51 	 circle 	 1024 	 768 	 1.16079767166 	 44.445 	 66.667 	 4 	 -4.10403952609 	 4.10403952609 	 -2.90199417916 	 5.02640136157 	 -4.47884657952 	 3.83901135387 	 False 	 18 	 13 	9 	24 	20 	22 	12 	10 	19 	18 	17 	5 	13 	21 	7 	3 	1 	2 	14 	15 	4 	16 	8 	23 	6 	11 	0
WN 	 dot-jump 	 False 	 52 	 circle 	 1024 	 768 	 1.16079767166 	 44.445 	 66.667 	 15 	 2.90199417916 	 -5.02640136157 	 2.90199417916 	 -5.02640136157 	 2.55934090258 	 -5.26923127002 	 True 	 9 	 9 	7 	24 	3 	23 	14 	10 	13 	1 	16 	15 	4 	21 	11 	6 	9 	2 	18 	22 	12 	8 	19 	17 	20 	5 	0
WN 	 dot-jump 	 False 	 53 	 circle 	 1024 	 768 	 1.16079767166 	 44.445 	 66.667 	 21 	 5.02640136157 	 2.90199417916 	 5.60622225078 	 1.50218272469 	 5.34450600245 	 2.63461563501 	 False 	 22 	 16 	7 	23 	16 	2 	12 	9 	3 	11 	4 	10 	18 	19 	5 	24 	13 	1 	20 	14 	17 	6 	22 	15 	21 	8 	0
WN 	 dot-jump 	 False 	 54 	 circle 	 1024 	 768 	 1.16079767166 	 44.445 	 66.667 	 17 	 5.02640136157 	 -2.90199417916 	 1.50218272469 	 5.60622225078 	 4.74230814302 	 -2.89807719851 	 False 	 10 	 11 	13 	12 	1 	11 	2 	9 	20 	21 	3 	4 	17 	24 	8 	22 	16 	6 	10 	18 	14 	5 	19 	23 	7 	15 	0
WN 	 dot-jump 	 False 	 55 	 circle 	 1024 	 768 	 1.16079767166 	 44.445 	 66.667 	 12 	 -1.50218272469 	 -5.60622225078 	 -5.80398835832 	 0.0 	 -2.07005514179 	 -5.83379176324 	 False 	 14 	 13 	19 	14 	3 	13 	1 	9 	11 	8 	6 	23 	15 	16 	18 	7 	12 	22 	2 	20 	10 	4 	21 	17 	5 	24 	0
WN 	 dot-jump 	 False 	 56 	 circle 	 1024 	 768 	 1.16079767166 	 44.445 	 66.667 	 13 	 0.0 	 -5.80398835832 	 4.10403952609 	 4.10403952609 	 -0.0376373662144 	 -6.17252805917 	 False 	 19 	 10 	19 	12 	6 	21 	11 	5 	14 	18 	20 	15 	22 	8 	7 	4 	1 	2 	9 	23 	16 	13 	10 	3 	17 	24 	0
WN 	 dot-jump 	 False 	 57 	 circle 	 1024 	 768 	 1.16079767166 	 44.445 	 66.667 	 17 	 5.02640136157 	 -2.90199417916 	 -5.02640136157 	 -2.90199417916 	 4.89285760787 	 -3.19917612823 	 False 	 17 	 8 	14 	5 	24 	7 	15 	12 	8 	18 	9 	1 	11 	16 	13 	6 	19 	3 	21 	17 	2 	22 	10 	23 	4 	20 	0
WN 	 dot-jump 	 False 	 58 	 circle 	 1024 	 768 	 1.16079767166 	 44.445 	 66.667 	 14 	 1.50218272469 	 -5.60622225078 	 2.90199417916 	 -5.02640136157 	 1.50549464858 	 -5.08104443895 	 False 	 17 	 14 	12 	24 	9 	6 	3 	17 	23 	1 	18 	20 	21 	7 	4 	10 	15 	5 	19 	14 	13 	11 	22 	2 	16 	8 	0
WN 	 dot-jump 	 False 	 59 	 circle 	 1024 	 768 	 1.16079767166 	 44.445 	 66.667 	 24 	 1.50218272469 	 5.60622225078 	 5.02640136157 	 2.90199417916 	 1.46785728236 	 5.30686863623 	 False 	 19 	 16 	16 	10 	4 	11 	23 	20 	6 	17 	2 	19 	15 	9 	22 	12 	3 	14 	21 	18 	7 	24 	5 	13 	8 	1 	0
WN 	 dot-jump 	 False 	 60 	 circle 	 1024 	 768 	 1.16079767166 	 44.445 	 66.667 	 12 	 -1.50218272469 	 -5.60622225078 	 4.10403952609 	 4.10403952609 	 -1.84423094451 	 -6.02197859431 	 False 	 18 	 15 	20 	21 	2 	4 	11 	18 	7 	8 	16 	5 	23 	6 	15 	9 	13 	22 	14 	24 	12 	10 	1 	19 	3 	17 	0
WN 	 dot-jump 	 False 	 61 	 circle 	 1024 	 768 	 1.16079767166 	 44.445 	 66.667 	 14 	 1.50218272469 	 -5.60622225078 	 1.50218272469 	 -5.60622225078 	 0.940934155361 	 -5.68324229838 	 True 	 12 	 12 	6 	15 	22 	20 	5 	12 	8 	10 	18 	11 	23 	2 	14 	21 	4 	3 	17 	16 	13 	9 	1 	7 	24 	19 	0
WN 	 dot-jump 	 False 	 62 	 circle 	 1024 	 768 	 1.16079767166 	 44.445 	 66.667 	 14 	 1.50218272469 	 -5.60622225078 	 -5.02640136157 	 2.90199417916 	 1.27967045129 	 -5.64560493216 	 False 	 17 	 9 	10 	19 	7 	2 	6 	12 	18 	17 	9 	5 	13 	8 	4 	15 	21 	22 	24 	14 	23 	20 	16 	3 	11 	1 	0
WN 	 dot-jump 	 False 	 63 	 circle 	 1024 	 768 	 1.16079767166 	 44.445 	 66.667 	 16 	 4.10403952609 	 -4.10403952609 	 4.10403952609 	 -4.10403952609 	 4.36593448087 	 -4.02719818494 	 True 	 11 	 11 	14 	20 	11 	18 	22 	10 	9 	17 	23 	3 	19 	16 	4 	7 	12 	21 	6 	2 	13 	15 	1 	8 	24 	5 	0
WN 	 dot-jump 	 False 	 64 	 circle 	 1024 	 768 	 1.16079767166 	 44.445 	 66.667 	 22 	 4.10403952609 	 4.10403952609 	 -2.90199417916 	 -5.02640136157 	 3.83901135387 	 3.72609925523 	 False 	 19 	 13 	6 	2 	3 	13 	1 	15 	17 	10 	4 	19 	21 	20 	9 	11 	23 	24 	5 	14 	16 	22 	7 	8 	12 	18 	0
WN 	 dot-jump 	 False 	 65 	 circle 	 1024 	 768 	 1.16079767166 	 44.445 	 66.667 	 4 	 -4.10403952609 	 4.10403952609 	 4.10403952609 	 4.10403952609 	 -4.21538501602 	 3.76373662144 	 False 	 20 	 12 	12 	5 	14 	13 	23 	2 	20 	24 	1 	21 	8 	18 	22 	6 	3 	19 	11 	7 	9 	16 	4 	15 	17 	10 	0
WN 	 dot-jump 	 False 	 66 	 circle 	 1024 	 768 	 1.16079767166 	 44.445 	 66.667 	 6 	 -5.60622225078 	 1.50218272469 	 -2.90199417916 	 5.02640136157 	 -5.26923127002 	 1.54313201479 	 False 	 17 	 16 	18 	13 	23 	7 	5 	21 	10 	17 	12 	20 	8 	15 	14 	22 	1 	2 	3 	6 	19 	24 	16 	9 	4 	11 	0
WN 	 dot-jump 	 False 	 67 	 circle 	 1024 	 768 	 1.16079767166 	 44.445 	 66.667 	 22 	 4.10403952609 	 4.10403952609 	 2.90199417916 	 5.02640136157 	 3.9142860863 	 4.59175867816 	 False 	 7 	 10 	11 	17 	21 	2 	20 	7 	4 	22 	8 	5 	23 	12 	1 	24 	10 	3 	16 	9 	6 	14 	13 	19 	18 	15 	0
WN 	 dot-jump 	 False 	 68 	 circle 	 1024 	 768 	 1.16079767166 	 44.445 	 66.667 	 16 	 4.10403952609 	 -4.10403952609 	 -4.10403952609 	 4.10403952609 	 4.02719818494 	 -4.14011028359 	 False 	 12 	 15 	23 	14 	20 	19 	6 	15 	8 	10 	12 	3 	22 	17 	16 	13 	24 	4 	21 	1 	9 	2 	11 	5 	18 	7 	0
WN 	 dot-jump 	 False 	 69 	 circle 	 1024 	 768 	 1.16079767166 	 44.445 	 66.667 	 22 	 4.10403952609 	 4.10403952609 	 5.60622225078 	 1.50218272469 	 3.80137398766 	 3.6508245228 	 False 	 9 	 8 	1 	2 	8 	21 	16 	18 	24 	19 	20 	22 	15 	7 	5 	9 	17 	3 	6 	23 	10 	14 	11 	12 	13 	4 	0
WN 	 dot-jump 	 False 	 70 	 circle 	 1024 	 768 	 1.16079767166 	 44.445 	 66.667 	 8 	 -5.60622225078 	 -1.50218272469 	 0.0 	 5.80398835832 	 -5.38214336866 	 -1.61840674722 	 False 	 11 	 14 	5 	21 	18 	17 	3 	6 	20 	19 	11 	15 	4 	8 	13 	7 	1 	16 	24 	22 	23 	10 	12 	9 	14 	2 	0
WN 	 dot-jump 	 False 	 71 	 circle 	 1024 	 768 	 1.16079767166 	 44.445 	 66.667 	 18 	 5.60622225078 	 -1.50218272469 	 5.02640136157 	 2.90199417916 	 5.26923127002 	 -1.80659357829 	 False 	 22 	 9 	4 	7 	2 	24 	11 	13 	22 	23 	5 	21 	17 	20 	19 	8 	3 	16 	14 	1 	15 	12 	9 	10 	18 	6 	0
WN 	 dot-jump 	 False 	 72 	 circle 	 1024 	 768 	 1.16079767166 	 44.445 	 66.667 	 4 	 -4.10403952609 	 4.10403952609 	 -1.50218272469 	 5.60622225078 	 -4.06483555116 	 3.61318715658 	 False 	 13 	 11 	13 	21 	22 	18 	24 	11 	1 	8 	20 	3 	10 	2 	7 	4 	12 	6 	16 	9 	15 	14 	17 	23 	19 	5 	0
WN 	 dot-jump 	 False 	 73 	 circle 	 1024 	 768 	 1.16079767166 	 44.445 	 66.667 	 9 	 -5.02640136157 	 -2.90199417916 	 5.02640136157 	 -2.90199417916 	 -5.11868180516 	 -2.74752773365 	 False 	 3 	 16 	6 	4 	15 	9 	20 	21 	19 	12 	1 	22 	23 	3 	11 	7 	14 	5 	17 	18 	16 	8 	24 	2 	10 	13 	0
WN 	 dot-jump 	 False 	 74 	 circle 	 1024 	 768 	 1.16079767166 	 44.445 	 66.667 	 7 	 -5.80398835832 	 0.0 	 -2.90199417916 	 5.02640136157 	 -5.26923127002 	 -0.301098929715 	 False 	 13 	 12 	20 	23 	22 	13 	6 	5 	8 	10 	2 	11 	9 	19 	3 	7 	1 	21 	17 	4 	24 	12 	14 	16 	18 	15 	0
WN 	 dot-jump 	 False 	 75 	 circle 	 1024 	 768 	 1.16079767166 	 44.445 	 66.667 	 7 	 -5.80398835832 	 0.0 	 5.80398835832 	 0.0 	 -5.98434122809 	 -0.263461563501 	 False 	 9 	 8 	14 	20 	16 	15 	11 	24 	6 	21 	19 	7 	5 	12 	18 	3 	23 	10 	13 	2 	22 	9 	8 	1 	17 	4 	0
WN 	 dot-jump 	 False 	 76 	 circle 	 1024 	 768 	 1.16079767166 	 44.445 	 66.667 	 17 	 5.02640136157 	 -2.90199417916 	 -5.60622225078 	 -1.50218272469 	 4.93049497409 	 -2.67225300122 	 False 	 13 	 10 	3 	1 	6 	10 	4 	24 	5 	20 	23 	16 	8 	18 	12 	17 	11 	9 	22 	7 	15 	2 	21 	13 	14 	19 	0
WN 	 dot-jump 	 False 	 77 	 circle 	 1024 	 768 	 1.16079767166 	 44.445 	 66.667 	 10 	 -4.10403952609 	 -4.10403952609 	 -1.50218272469 	 5.60622225078 	 -4.47884657952 	 -3.80137398766 	 False 	 7 	 9 	19 	18 	24 	16 	6 	14 	5 	10 	11 	2 	9 	22 	7 	21 	1 	3 	13 	4 	23 	8 	20 	17 	15 	12 	0
WN 	 dot-jump 	 False 	 78 	 circle 	 1024 	 768 	 1.16079767166 	 44.445 	 66.667 	 19 	 5.80398835832 	 0.0 	 -5.60622225078 	 -1.50218272469 	 6.21016542538 	 0.188186831072 	 False 	 12 	 14 	13 	22 	24 	21 	23 	15 	3 	20 	14 	6 	12 	10 	19 	1 	8 	7 	11 	9 	5 	4 	17 	2 	16 	18 	0
WN 	 dot-jump 	 False 	 79 	 circle 	 1024 	 768 	 1.16079767166 	 44.445 	 66.667 	 5 	 -5.02640136157 	 2.90199417916 	 -5.02640136157 	 -2.90199417916 	 -4.93049497409 	 2.55934090258 	 False 	 13 	 15 	12 	22 	8 	19 	11 	1 	20 	18 	17 	6 	16 	4 	24 	5 	14 	9 	7 	15 	23 	21 	13 	2 	3 	10 	0
WN 	 dot-jump 	 False 	 80 	 circle 	 1024 	 768 	 1.16079767166 	 44.445 	 66.667 	 16 	 4.10403952609 	 -4.10403952609 	 -4.10403952609 	 -4.10403952609 	 4.4412092133 	 -3.61318715658 	 False 	 1 	 13 	12 	16 	6 	14 	7 	13 	24 	2 	23 	19 	5 	11 	17 	10 	3 	9 	8 	22 	1 	20 	18 	15 	21 	4 	0
WN 	 dot-jump 	 False 	 81 	 circle 	 1024 	 768 	 1.16079767166 	 44.445 	 66.667 	 7 	 -5.80398835832 	 0.0 	 4.10403952609 	 -4.10403952609 	 -5.30686863623 	 0.0 	 False 	 13 	 11 	11 	9 	3 	13 	6 	21 	17 	18 	23 	1 	5 	16 	14 	7 	24 	10 	20 	12 	4 	22 	2 	15 	19 	8 	0
WN 	 dot-jump 	 False 	 82 	 circle 	 1024 	 768 	 1.16079767166 	 44.445 	 66.667 	 8 	 -5.60622225078 	 -1.50218272469 	 0.0 	 5.80398835832 	 -5.34450600245 	 -1.95714304315 	 False 	 9 	 8 	3 	19 	13 	12 	16 	21 	5 	7 	1 	8 	23 	2 	18 	9 	14 	11 	4 	20 	24 	6 	10 	22 	17 	15 	0
WN 	 dot-jump 	 False 	 83 	 circle 	 1024 	 768 	 1.16079767166 	 44.445 	 66.667 	 10 	 -4.10403952609 	 -4.10403952609 	 -1.50218272469 	 5.60622225078 	 -4.1777476498 	 -4.14011028359 	 False 	 6 	 9 	20 	12 	15 	22 	18 	5 	10 	8 	9 	2 	24 	23 	3 	19 	13 	4 	16 	17 	6 	11 	7 	1 	21 	14 	0
WN 	 dot-jump 	 False 	 84 	 circle 	 1024 	 768 	 1.16079767166 	 44.445 	 66.667 	 17 	 5.02640136157 	 -2.90199417916 	 -2.90199417916 	 5.02640136157 	 4.81758287545 	 -2.8604398323 	 False 	 11 	 12 	24 	22 	14 	16 	18 	1 	15 	5 	11 	4 	20 	17 	3 	6 	7 	23 	2 	9 	10 	12 	13 	8 	19 	21 	0
WN 	 dot-jump 	 False 	 85 	 circle 	 1024 	 768 	 1.16079767166 	 44.445 	 66.667 	 19 	 5.80398835832 	 0.0 	 5.60622225078 	 -1.50218272469 	 5.72087966459 	 -0.376373662144 	 False 	 15 	 13 	7 	2 	9 	14 	3 	13 	10 	6 	16 	1 	20 	22 	4 	18 	17 	19 	8 	11 	24 	23 	15 	5 	21 	12 	0
WN 	 dot-jump 	 False 	 86 	 circle 	 1024 	 768 	 1.16079767166 	 44.445 	 66.667 	 14 	 1.50218272469 	 -5.60622225078 	 -5.02640136157 	 2.90199417916 	 1.09148362022 	 -5.41978073488 	 False 	 19 	 15 	3 	6 	4 	10 	8 	1 	17 	16 	2 	19 	22 	11 	24 	23 	13 	5 	15 	12 	9 	14 	20 	18 	21 	7 	0
WN 	 dot-jump 	 False 	 87 	 circle 	 1024 	 768 	 1.16079767166 	 44.445 	 66.667 	 13 	 0.0 	 -5.80398835832 	 1.50218272469 	 5.60622225078 	 -0.301098929715 	 -5.53269283352 	 False 	 0 	 10 	13 	5 	2 	15 	9 	17 	6 	11 	10 	12 	24 	14 	8 	22 	7 	21 	20 	4 	19 	18 	1 	16 	23 	3 	0
WN 	 dot-jump 	 False 	 88 	 circle 	 1024 	 768 	 1.16079767166 	 44.445 	 66.667 	 11 	 -2.90199417916 	 -5.02640136157 	 -4.10403952609 	 -4.10403952609 	 -3.08626402958 	 -4.77994550923 	 False 	 4 	 14 	15 	8 	7 	22 	11 	3 	12 	21 	18 	17 	6 	5 	13 	14 	10 	23 	4 	1 	16 	2 	9 	24 	19 	20 	0
WN 	 dot-jump 	 False 	 89 	 circle 	 1024 	 768 	 1.16079767166 	 44.445 	 66.667 	 17 	 5.02640136157 	 -2.90199417916 	 5.02640136157 	 2.90199417916 	 5.00576970652 	 -2.89807719851 	 False 	 0 	 16 	17 	24 	5 	7 	22 	16 	23 	4 	10 	11 	8 	6 	15 	13 	2 	19 	21 	18 	12 	9 	1 	20 	14 	3 	0
WN 	 dot-jump 	 False 	 90 	 circle 	 1024 	 768 	 1.16079767166 	 44.445 	 66.667 	 11 	 -2.90199417916 	 -5.02640136157 	 -2.90199417916 	 -5.02640136157 	 -2.67225300122 	 -4.93049497409 	 True 	 15 	 15 	7 	14 	15 	16 	2 	5 	22 	20 	21 	13 	3 	8 	18 	19 	12 	11 	23 	1 	4 	24 	10 	6 	17 	9 	0
WN 	 dot-jump 	 False 	 91 	 circle 	 1024 	 768 	 1.16079767166 	 44.445 	 66.667 	 22 	 4.10403952609 	 4.10403952609 	 -1.50218272469 	 5.60622225078 	 4.29065974844 	 3.72609925523 	 False 	 16 	 8 	17 	21 	5 	15 	9 	14 	12 	4 	2 	16 	18 	7 	23 	1 	10 	8 	22 	19 	6 	13 	3 	20 	11 	24 	0
WN 	 dot-jump 	 False 	 92 	 circle 	 1024 	 768 	 1.16079767166 	 44.445 	 66.667 	 2 	 -1.50218272469 	 5.60622225078 	 5.60622225078 	 1.50218272469 	 -1.35494518372 	 5.60796756595 	 False 	 7 	 16 	17 	15 	18 	24 	22 	8 	23 	2 	13 	6 	16 	9 	3 	7 	10 	4 	20 	12 	19 	1 	21 	14 	11 	5 	0
WN 	 dot-jump 	 False 	 93 	 circle 	 1024 	 768 	 1.16079767166 	 44.445 	 66.667 	 4 	 -4.10403952609 	 4.10403952609 	 -5.02640136157 	 2.90199417916 	 -4.51648394573 	 3.68846188901 	 False 	 20 	 13 	12 	9 	24 	17 	7 	16 	18 	8 	21 	2 	19 	22 	6 	5 	3 	20 	10 	23 	15 	14 	4 	11 	13 	1 	0
WN 	 dot-jump 	 False 	 94 	 circle 	 1024 	 768 	 1.16079767166 	 44.445 	 66.667 	 19 	 5.80398835832 	 0.0 	 -4.10403952609 	 4.10403952609 	 5.45741810109 	 -0.451648394573 	 False 	 5 	 11 	7 	10 	11 	6 	18 	19 	12 	13 	22 	9 	20 	4 	3 	15 	14 	2 	23 	8 	21 	1 	5 	24 	17 	16 	0
WN 	 dot-jump 	 False 	 95 	 circle 	 1024 	 768 	 1.16079767166 	 44.445 	 66.667 	 14 	 1.50218272469 	 -5.60622225078 	 2.90199417916 	 -5.02640136157 	 1.50549464858 	 -5.60796756595 	 False 	 23 	 14 	3 	4 	20 	19 	16 	18 	12 	2 	1 	7 	8 	13 	9 	10 	15 	6 	22 	24 	17 	5 	23 	21 	11 	14 	0
WN 	 dot-jump 	 False 	 96 	 circle 	 1024 	 768 	 1.16079767166 	 44.445 	 66.667 	 23 	 2.90199417916 	 5.02640136157 	 -4.10403952609 	 4.10403952609 	 3.01098929715 	 4.55412131195 	 False 	 8 	 10 	3 	8 	14 	18 	9 	15 	16 	13 	23 	7 	4 	1 	20 	22 	12 	5 	17 	2 	11 	10 	6 	19 	21 	24 	0
WN 	 dot-jump 	 False 	 97 	 circle 	 1024 	 768 	 1.16079767166 	 44.445 	 66.667 	 21 	 5.02640136157 	 2.90199417916 	 5.80398835832 	 0.0 	 4.55412131195 	 2.97335193094 	 False 	 2 	 12 	10 	11 	21 	20 	13 	7 	17 	15 	9 	16 	1 	23 	19 	22 	8 	3 	14 	5 	24 	2 	6 	12 	18 	4 	0
WN 	 dot-jump 	 False 	 98 	 circle 	 1024 	 768 	 1.16079767166 	 44.445 	 66.667 	 18 	 5.60622225078 	 -1.50218272469 	 5.60622225078 	 -1.50218272469 	 5.45741810109 	 -1.50549464858 	 True 	 9 	 9 	3 	22 	2 	9 	6 	19 	4 	23 	14 	18 	24 	7 	12 	1 	15 	20 	16 	10 	8 	21 	17 	13 	11 	5 	0
WN 	 dot-jump 	 False 	 99 	 circle 	 1024 	 768 	 1.16079767166 	 44.445 	 66.667 	 3 	 -2.90199417916 	 5.02640136157 	 -1.50218272469 	 -5.60622225078 	 -2.74752773365 	 4.51648394573 	 False 	 11 	 10 	7 	8 	21 	24 	15 	5 	6 	23 	13 	14 	12 	3 	16 	17 	19 	22 	9 	10 	18 	4 	11 	1 	20 	2 	0
WN 	 dot-jump 	 False 	 100 	 circle 	 1024 	 768 	 1.16079767166 	 44.445 	 66.667 	 3 	 -2.90199417916 	 5.02640136157 	 0.0 	 5.80398835832 	 -2.8604398323 	 4.81758287545 	 False 	 22 	 9 	8 	18 	20 	19 	10 	16 	7 	4 	12 	1 	6 	13 	24 	2 	22 	11 	23 	17 	5 	14 	21 	9 	3 	15 	0
WN 	 dot-jump 	 False 	 101 	 circle 	 1024 	 768 	 1.16079767166 	 44.445 	 66.667 	 15 	 2.90199417916 	 -5.02640136157 	 2.90199417916 	 5.02640136157 	 2.93571456472 	 -4.85522024166 	 False 	 9 	 8 	2 	18 	9 	11 	21 	12 	17 	13 	23 	15 	16 	19 	10 	6 	1 	22 	14 	20 	24 	7 	3 	5 	8 	4 	0
WN 	 dot-jump 	 False 	 102 	 circle 	 1024 	 768 	 1.16079767166 	 44.445 	 66.667 	 17 	 5.02640136157 	 -2.90199417916 	 4.10403952609 	 -4.10403952609 	 4.59175867816 	 -3.1239013958 	 False 	 13 	 11 	8 	7 	4 	19 	24 	1 	9 	22 	18 	3 	14 	16 	15 	17 	11 	23 	5 	12 	10 	2 	13 	20 	21 	6 	0
WN 	 dot-jump 	 False 	 103 	 circle 	 1024 	 768 	 1.16079767166 	 44.445 	 66.667 	 21 	 5.02640136157 	 2.90199417916 	 -2.90199417916 	 -5.02640136157 	 5.04340707273 	 2.55934090258 	 False 	 7 	 12 	9 	1 	8 	22 	16 	12 	5 	21 	10 	14 	7 	15 	11 	2 	18 	3 	23 	24 	13 	20 	19 	6 	4 	17 	0
WN 	 dot-jump 	 False 	 104 	 circle 	 1024 	 768 	 1.16079767166 	 44.445 	 66.667 	 14 	 1.50218272469 	 -5.60622225078 	 5.60622225078 	 -1.50218272469 	 1.46785728236 	 -5.49505546731 	 False 	 18 	 16 	1 	11 	9 	7 	3 	4 	23 	22 	19 	8 	6 	5 	21 	12 	24 	13 	18 	2 	14 	20 	15 	17 	16 	10 	0
WN 	 dot-jump 	 False 	 105 	 circle 	 1024 	 768 	 1.16079767166 	 44.445 	 66.667 	 18 	 5.60622225078 	 -1.50218272469 	 5.02640136157 	 -2.90199417916 	 5.30686863623 	 -1.73131884586 	 False 	 8 	 14 	16 	1 	5 	23 	19 	13 	9 	22 	18 	14 	4 	10 	20 	6 	17 	12 	11 	2 	24 	3 	15 	8 	7 	21 	0
WN 	 dot-jump 	 False 	 106 	 circle 	 1024 	 768 	 1.16079767166 	 44.445 	 66.667 	 15 	 2.90199417916 	 -5.02640136157 	 -5.02640136157 	 2.90199417916 	 2.5969782688 	 -5.45741810109 	 False 	 15 	 13 	20 	13 	7 	21 	16 	4 	24 	12 	6 	9 	14 	3 	10 	5 	17 	15 	22 	8 	19 	11 	23 	18 	2 	1 	0
WN 	 dot-jump 	 False 	 107 	 circle 	 1024 	 768 	 1.16079767166 	 44.445 	 66.667 	 13 	 0.0 	 -5.80398835832 	 5.02640136157 	 2.90199417916 	 -0.188186831072 	 -5.38214336866 	 False 	 16 	 15 	10 	11 	17 	9 	23 	2 	16 	7 	6 	22 	5 	3 	24 	20 	12 	21 	13 	19 	18 	1 	14 	8 	4 	15 	0
WN 	 dot-jump 	 False 	 108 	 circle 	 1024 	 768 	 1.16079767166 	 44.445 	 66.667 	 13 	 0.0 	 -5.80398835832 	 0.0 	 -5.80398835832 	 -0.414011028359 	 -5.75851703081 	 True 	 12 	 12 	22 	19 	24 	2 	18 	16 	7 	17 	11 	4 	8 	10 	13 	20 	6 	9 	21 	1 	14 	15 	3 	5 	23 	12 	0
WN 	 dot-jump 	 False 	 109 	 circle 	 1024 	 768 	 1.16079767166 	 44.445 	 66.667 	 15 	 2.90199417916 	 -5.02640136157 	 5.60622225078 	 -1.50218272469 	 3.04862666337 	 -4.93049497409 	 False 	 16 	 10 	13 	19 	8 	2 	24 	17 	23 	3 	10 	12 	18 	14 	7 	16 	9 	21 	15 	4 	11 	6 	20 	22 	1 	5 	0
WN 	 dot-jump 	 False 	 110 	 circle 	 1024 	 768 	 1.16079767166 	 44.445 	 66.667 	 10 	 -4.10403952609 	 -4.10403952609 	 -5.02640136157 	 -2.90199417916 	 -3.80137398766 	 -4.25302238223 	 False 	 7 	 16 	15 	20 	21 	5 	14 	11 	17 	10 	8 	7 	2 	12 	23 	3 	24 	1 	9 	22 	13 	4 	16 	6 	18 	19 	0
WN 	 dot-jump 	 False 	 111 	 circle 	 1024 	 768 	 1.16079767166 	 44.445 	 66.667 	 10 	 -4.10403952609 	 -4.10403952609 	 -5.02640136157 	 -2.90199417916 	 -3.76373662144 	 -3.98956081873 	 False 	 10 	 9 	22 	20 	5 	23 	17 	24 	15 	13 	21 	9 	10 	19 	18 	8 	2 	6 	14 	11 	4 	1 	3 	7 	16 	12 	0
WN 	 dot-jump 	 False 	 112 	 circle 	 1024 	 768 	 1.16079767166 	 44.445 	 66.667 	 24 	 1.50218272469 	 5.60622225078 	 -5.02640136157 	 2.90199417916 	 1.58076938101 	 5.41978073488 	 False 	 9 	 15 	16 	4 	12 	6 	14 	15 	13 	9 	10 	24 	19 	23 	18 	20 	22 	5 	3 	7 	2 	8 	11 	17 	21 	1 	0
WN 	 dot-jump 	 False 	 113 	 circle 	 1024 	 768 	 1.16079767166 	 44.445 	 66.667 	 4 	 -4.10403952609 	 4.10403952609 	 5.02640136157 	 2.90199417916 	 -4.32829711466 	 4.10247291737 	 False 	 12 	 14 	22 	19 	23 	8 	12 	9 	17 	15 	10 	14 	3 	16 	4 	13 	21 	24 	18 	6 	2 	20 	1 	7 	5 	11 	0
WN 	 dot-jump 	 False 	 114 	 circle 	 1024 	 768 	 1.16079767166 	 44.445 	 66.667 	 6 	 -5.60622225078 	 1.50218272469 	 -5.60622225078 	 -1.50218272469 	 -5.79615439702 	 1.46785728236 	 False 	 18 	 11 	19 	11 	4 	3 	23 	10 	20 	24 	2 	5 	16 	8 	7 	13 	22 	12 	18 	9 	6 	17 	1 	15 	14 	21 	0
WN 	 dot-jump 	 False 	 115 	 circle 	 1024 	 768 	 1.16079767166 	 44.445 	 66.667 	 1 	 0.0 	 5.80398835832 	 -1.50218272469 	 5.60622225078 	 0.150549464858 	 5.98434122809 	 False 	 9 	 8 	6 	3 	13 	15 	16 	8 	18 	24 	2 	1 	7 	23 	9 	4 	14 	12 	19 	17 	21 	20 	10 	22 	5 	11 	0
WN 	 dot-jump 	 False 	 116 	 circle 	 1024 	 768 	 1.16079767166 	 44.445 	 66.667 	 11 	 -2.90199417916 	 -5.02640136157 	 -2.90199417916 	 -5.02640136157 	 -3.01098929715 	 -5.34450600245 	 True 	 13 	 13 	15 	24 	17 	7 	20 	16 	2 	6 	4 	14 	21 	3 	13 	11 	12 	10 	5 	23 	9 	1 	8 	22 	19 	18 	0
WN 	 dot-jump 	 False 	 117 	 circle 	 1024 	 768 	 1.16079767166 	 44.445 	 66.667 	 9 	 -5.02640136157 	 -2.90199417916 	 -2.90199417916 	 5.02640136157 	 -4.81758287545 	 -3.23681349444 	 False 	 18 	 16 	14 	8 	6 	12 	16 	11 	5 	1 	2 	10 	4 	15 	13 	20 	21 	7 	3 	23 	9 	22 	24 	19 	18 	17 	0
WN 	 dot-jump 	 False 	 118 	 circle 	 1024 	 768 	 1.16079767166 	 44.445 	 66.667 	 8 	 -5.60622225078 	 -1.50218272469 	 -5.60622225078 	 -1.50218272469 	 -5.57033019973 	 -1.69368147965 	 True 	 9 	 9 	5 	3 	2 	15 	4 	14 	11 	23 	20 	8 	17 	22 	19 	13 	21 	1 	9 	7 	12 	6 	18 	10 	16 	24 	0
WN 	 dot-jump 	 False 	 119 	 circle 	 1024 	 768 	 1.16079767166 	 44.445 	 66.667 	 23 	 2.90199417916 	 5.02640136157 	 -5.80398835832 	 0.0 	 2.89807719851 	 4.9681323403 	 False 	 22 	 12 	6 	8 	16 	3 	17 	14 	19 	11 	2 	1 	15 	22 	7 	12 	5 	24 	13 	18 	9 	10 	21 	4 	23 	20 	0
WN 	 dot-jump 	 False 	 120 	 circle 	 1024 	 768 	 1.16079767166 	 44.445 	 66.667 	 24 	 1.50218272469 	 5.60622225078 	 -5.60622225078 	 1.50218272469 	 1.39258254993 	 5.38214336866 	 False 	 12 	 11 	5 	20 	16 	8 	18 	3 	23 	2 	22 	21 	4 	6 	24 	12 	11 	13 	7 	10 	15 	17 	19 	14 	9 	1 	0
WN 	 dot-jump 	 False 	 121 	 circle 	 1024 	 768 	 1.16079767166 	 44.445 	 66.667 	 12 	 -1.50218272469 	 -5.60622225078 	 -5.60622225078 	 -1.50218272469 	 -1.61840674722 	 -5.38214336866 	 False 	 10 	 8 	16 	24 	1 	22 	4 	23 	15 	13 	8 	6 	12 	5 	19 	2 	7 	9 	10 	18 	11 	17 	14 	3 	21 	20 	0
WN 	 dot-jump 	 False 	 122 	 circle 	 1024 	 768 	 1.16079767166 	 44.445 	 66.667 	 1 	 0.0 	 5.80398835832 	 -5.60622225078 	 1.50218272469 	 0.0376373662144 	 5.79615439702 	 False 	 23 	 10 	10 	12 	3 	17 	9 	15 	2 	22 	21 	24 	6 	14 	4 	5 	7 	18 	20 	16 	19 	8 	13 	23 	11 	1 	0
WN 	 dot-jump 	 False 	 123 	 circle 	 1024 	 768 	 1.16079767166 	 44.445 	 66.667 	 7 	 -5.80398835832 	 0.0 	 -5.80398835832 	 0.0 	 -5.75851703081 	 -0.451648394573 	 True 	 14 	 14 	2 	22 	3 	4 	14 	20 	24 	15 	16 	21 	10 	6 	5 	8 	7 	11 	18 	17 	13 	9 	23 	12 	1 	19 	0
WN 	 dot-jump 	 False 	 124 	 circle 	 1024 	 768 	 1.16079767166 	 44.445 	 66.667 	 16 	 4.10403952609 	 -4.10403952609 	 -4.10403952609 	 4.10403952609 	 4.51648394573 	 -4.25302238223 	 False 	 16 	 15 	20 	23 	15 	24 	8 	6 	5 	18 	14 	3 	9 	13 	10 	19 	17 	4 	16 	12 	21 	2 	7 	11 	22 	1 	0
WN 	 dot-jump 	 False 	 125 	 circle 	 1024 	 768 	 1.16079767166 	 44.445 	 66.667 	 4 	 -4.10403952609 	 4.10403952609 	 -5.02640136157 	 2.90199417916 	 -4.29065974844 	 4.10247291737 	 False 	 2 	 13 	9 	16 	4 	18 	19 	17 	14 	3 	7 	13 	21 	20 	24 	5 	15 	2 	12 	6 	8 	10 	23 	1 	22 	11 	0
WN 	 dot-jump 	 False 	 126 	 circle 	 1024 	 768 	 1.16079767166 	 44.445 	 66.667 	 23 	 2.90199417916 	 5.02640136157 	 4.10403952609 	 4.10403952609 	 2.74752773365 	 4.89285760787 	 False 	 19 	 8 	8 	3 	16 	11 	4 	1 	10 	19 	22 	6 	15 	18 	13 	21 	2 	9 	5 	12 	7 	23 	17 	20 	14 	24 	0
WN 	 dot-jump 	 False 	 127 	 circle 	 1024 	 768 	 1.16079767166 	 44.445 	 66.667 	 6 	 -5.60622225078 	 1.50218272469 	 -2.90199417916 	 -5.02640136157 	 -5.94670386188 	 1.24203308508 	 False 	 11 	 9 	10 	23 	4 	16 	3 	21 	7 	18 	5 	11 	13 	6 	20 	22 	12 	14 	8 	2 	17 	19 	9 	15 	24 	1 	0
WN 	 dot-jump 	 False 	 128 	 circle 	 1024 	 768 	 1.16079767166 	 44.445 	 66.667 	 22 	 4.10403952609 	 4.10403952609 	 0.0 	 -5.80398835832 	 4.55412131195 	 4.02719818494 	 False 	 21 	 12 	14 	5 	24 	2 	7 	6 	15 	11 	10 	9 	19 	20 	13 	23 	18 	17 	3 	16 	12 	21 	4 	22 	8 	1 	0
WN 	 dot-jump 	 False 	 129 	 circle 	 1024 	 768 	 1.16079767166 	 44.445 	 66.667 	 6 	 -5.60622225078 	 1.50218272469 	 2.90199417916 	 5.02640136157 	 -5.49505546731 	 1.54313201479 	 False 	 3 	 16 	14 	1 	15 	6 	2 	22 	9 	12 	8 	5 	18 	11 	20 	4 	24 	3 	23 	7 	17 	13 	10 	21 	16 	19 	0
WN 	 dot-jump 	 False 	 130 	 circle 	 1024 	 768 	 1.16079767166 	 44.445 	 66.667 	 14 	 1.50218272469 	 -5.60622225078 	 2.90199417916 	 -5.02640136157 	 1.88186831072 	 -5.87142912945 	 False 	 13 	 14 	6 	20 	17 	18 	23 	21 	8 	22 	10 	7 	2 	19 	12 	14 	15 	11 	13 	9 	4 	16 	3 	1 	24 	5 	0
WN 	 dot-jump 	 False 	 131 	 circle 	 1024 	 768 	 1.16079767166 	 44.445 	 66.667 	 9 	 -5.02640136157 	 -2.90199417916 	 1.50218272469 	 5.60622225078 	 -4.9681323403 	 -3.34972559308 	 False 	 14 	 15 	11 	18 	3 	14 	5 	20 	4 	15 	7 	12 	2 	6 	10 	13 	9 	24 	16 	22 	21 	17 	8 	23 	1 	19 	0
WN 	 dot-jump 	 False 	 132 	 circle 	 1024 	 768 	 1.16079767166 	 44.445 	 66.667 	 11 	 -2.90199417916 	 -5.02640136157 	 0.0 	 -5.80398835832 	 -2.74752773365 	 -4.9681323403 	 False 	 14 	 13 	19 	23 	8 	2 	5 	7 	10 	16 	9 	4 	12 	14 	20 	13 	11 	17 	6 	3 	21 	1 	24 	15 	22 	18 	0
WN 	 dot-jump 	 False 	 133 	 circle 	 1024 	 768 	 1.16079767166 	 44.445 	 66.667 	 15 	 2.90199417916 	 -5.02640136157 	 1.50218272469 	 -5.60622225078 	 2.67225300122 	 -5.26923127002 	 False 	 10 	 11 	24 	17 	12 	13 	9 	7 	3 	6 	11 	16 	15 	14 	2 	20 	22 	19 	4 	5 	21 	10 	8 	1 	23 	18 	0
WN 	 dot-jump 	 False 	 134 	 circle 	 1024 	 768 	 1.16079767166 	 44.445 	 66.667 	 21 	 5.02640136157 	 2.90199417916 	 5.80398835832 	 0.0 	 4.77994550923 	 3.04862666337 	 False 	 15 	 10 	8 	24 	10 	16 	13 	20 	11 	14 	1 	5 	19 	4 	7 	9 	12 	21 	23 	6 	17 	15 	22 	2 	3 	18 	0
WN 	 dot-jump 	 False 	 135 	 circle 	 1024 	 768 	 1.16079767166 	 44.445 	 66.667 	 21 	 5.02640136157 	 2.90199417916 	 -4.10403952609 	 -4.10403952609 	 5.04340707273 	 2.5969782688 	 False 	 10 	 15 	16 	13 	24 	17 	5 	7 	23 	19 	4 	15 	21 	6 	22 	8 	20 	10 	11 	3 	12 	9 	1 	14 	2 	18 	0
WN 	 dot-jump 	 False 	 136 	 circle 	 1024 	 768 	 1.16079767166 	 44.445 	 66.667 	 21 	 5.02640136157 	 2.90199417916 	 5.02640136157 	 -2.90199417916 	 4.89285760787 	 3.1239013958 	 False 	 15 	 16 	2 	20 	3 	16 	4 	22 	11 	24 	1 	13 	6 	15 	10 	7 	18 	21 	17 	5 	19 	14 	23 	8 	12 	9 	0
WN 	 dot-jump 	 False 	 137 	 circle 	 1024 	 768 	 1.16079767166 	 44.445 	 66.667 	 16 	 4.10403952609 	 -4.10403952609 	 4.10403952609 	 -4.10403952609 	 3.72609925523 	 -4.40357184709 	 True 	 10 	 10 	14 	5 	12 	13 	21 	2 	22 	17 	19 	11 	16 	6 	23 	24 	1 	4 	7 	20 	9 	3 	15 	18 	10 	8 	0
WN 	 dot-jump 	 False 	 138 	 circle 	 1024 	 768 	 1.16079767166 	 44.445 	 66.667 	 18 	 5.60622225078 	 -1.50218272469 	 2.90199417916 	 5.02640136157 	 5.98434122809 	 -1.46785728236 	 False 	 8 	 9 	24 	11 	12 	19 	9 	7 	16 	1 	18 	23 	3 	4 	8 	5 	14 	17 	2 	22 	10 	21 	15 	6 	20 	13 	0
WN 	 dot-jump 	 False 	 139 	 circle 	 1024 	 768 	 1.16079767166 	 44.445 	 66.667 	 6 	 -5.60622225078 	 1.50218272469 	 -5.60622225078 	 1.50218272469 	 -5.90906649566 	 1.16675835265 	 True 	 14 	 14 	9 	20 	12 	24 	1 	8 	3 	21 	4 	14 	10 	22 	11 	18 	6 	7 	15 	5 	17 	23 	13 	2 	16 	19 	0
WN 	 dot-jump 	 False 	 140 	 circle 	 1024 	 768 	 1.16079767166 	 44.445 	 66.667 	 9 	 -5.02640136157 	 -2.90199417916 	 -5.02640136157 	 -2.90199417916 	 -5.2315939038 	 -3.34972559308 	 True 	 13 	 13 	16 	13 	12 	10 	17 	4 	22 	19 	7 	5 	2 	6 	1 	9 	23 	24 	3 	15 	20 	14 	8 	21 	11 	18 	0
WN 	 dot-jump 	 False 	 141 	 circle 	 1024 	 768 	 1.16079767166 	 44.445 	 66.667 	 14 	 1.50218272469 	 -5.60622225078 	 1.50218272469 	 -5.60622225078 	 2.03241777558 	 -5.45741810109 	 True 	 8 	 8 	23 	5 	9 	16 	12 	6 	7 	13 	14 	19 	24 	10 	20 	1 	17 	8 	11 	18 	3 	22 	2 	21 	15 	4 	0
WN 	 dot-jump 	 False 	 142 	 circle 	 1024 	 768 	 1.16079767166 	 44.445 	 66.667 	 10 	 -4.10403952609 	 -4.10403952609 	 -4.10403952609 	 -4.10403952609 	 -4.21538501602 	 -3.83901135387 	 True 	 12 	 12 	12 	23 	24 	4 	3 	16 	9 	20 	13 	22 	7 	2 	10 	21 	18 	14 	19 	15 	6 	17 	1 	11 	5 	8 	0
WN 	 dot-jump 	 False 	 143 	 circle 	 1024 	 768 	 1.16079767166 	 44.445 	 66.667 	 6 	 -5.60622225078 	 1.50218272469 	 -5.60622225078 	 1.50218272469 	 -5.87142912945 	 1.69368147965 	 True 	 11 	 11 	20 	23 	4 	21 	1 	16 	17 	11 	14 	9 	13 	6 	18 	15 	12 	2 	10 	22 	3 	19 	24 	8 	7 	5 	0
WN 	 dot-jump 	 False 	 144 	 circle 	 1024 	 768 	 1.16079767166 	 44.445 	 66.667 	 16 	 4.10403952609 	 -4.10403952609 	 -5.80398835832 	 0.0 	 4.66703341059 	 -4.4412092133 	 False 	 15 	 11 	6 	22 	11 	13 	20 	2 	15 	18 	9 	10 	19 	7 	1 	24 	12 	16 	23 	4 	3 	8 	14 	21 	17 	5 	0
WN 	 dot-jump 	 False 	 145 	 circle 	 1024 	 768 	 1.16079767166 	 44.445 	 66.667 	 9 	 -5.02640136157 	 -2.90199417916 	 -4.10403952609 	 -4.10403952609 	 -4.77994550923 	 -2.5969782688 	 False 	 17 	 10 	19 	1 	2 	23 	20 	4 	13 	16 	3 	11 	10 	8 	17 	14 	12 	21 	15 	9 	22 	5 	7 	18 	6 	24 	0
WN 	 dot-jump 	 False 	 146 	 circle 	 1024 	 768 	 1.16079767166 	 44.445 	 66.667 	 21 	 5.02640136157 	 2.90199417916 	 5.02640136157 	 2.90199417916 	 4.85522024166 	 2.52170353637 	 True 	 12 	 12 	13 	16 	22 	12 	19 	3 	1 	18 	10 	14 	24 	15 	21 	8 	7 	17 	2 	9 	11 	23 	20 	6 	4 	5 	0
WN 	 dot-jump 	 False 	 147 	 circle 	 1024 	 768 	 1.16079767166 	 44.445 	 66.667 	 5 	 -5.02640136157 	 2.90199417916 	 -5.60622225078 	 -1.50218272469 	 -5.30686863623 	 2.97335193094 	 False 	 14 	 13 	4 	20 	14 	9 	19 	7 	21 	15 	17 	1 	12 	3 	6 	8 	5 	22 	2 	13 	10 	16 	11 	24 	23 	18 	0
WN 	 dot-jump 	 False 	 148 	 circle 	 1024 	 768 	 1.16079767166 	 44.445 	 66.667 	 20 	 5.60622225078 	 1.50218272469 	 -1.50218272469 	 5.60622225078 	 5.26923127002 	 1.61840674722 	 False 	 16 	 15 	12 	16 	23 	8 	10 	24 	19 	5 	11 	17 	3 	22 	18 	14 	13 	2 	20 	21 	7 	4 	6 	15 	1 	9 	0
WN 	 dot-jump 	 False 	 149 	 circle 	 1024 	 768 	 1.16079767166 	 44.445 	 66.667 	 1 	 0.0 	 5.80398835832 	 5.02640136157 	 -2.90199417916 	 0.0 	 5.34450600245 	 False 	 10 	 8 	12 	18 	7 	16 	14 	2 	23 	24 	17 	11 	1 	20 	5 	8 	6 	9 	3 	15 	4 	13 	22 	19 	10 	21 	0
WN 	 dot-jump 	 False 	 150 	 circle 	 1024 	 768 	 1.16079767166 	 44.445 	 66.667 	 5 	 -5.02640136157 	 2.90199417916 	 -5.02640136157 	 2.90199417916 	 -4.85522024166 	 2.48406617015 	 True 	 14 	 14 	10 	1 	23 	11 	22 	19 	16 	8 	14 	4 	7 	3 	12 	18 	5 	24 	13 	20 	6 	2 	9 	21 	17 	15 	0
WN 	 dot-jump 	 False 	 151 	 circle 	 1024 	 768 	 1.16079767166 	 44.445 	 66.667 	 23 	 2.90199417916 	 5.02640136157 	 0.0 	 5.80398835832 	 3.08626402958 	 4.81758287545 	 False 	 11 	 16 	9 	7 	4 	21 	2 	10 	11 	17 	6 	20 	12 	23 	8 	22 	19 	18 	1 	24 	15 	14 	13 	3 	5 	16 	0
WN 	 dot-jump 	 False 	 152 	 circle 	 1024 	 768 	 1.16079767166 	 44.445 	 66.667 	 14 	 1.50218272469 	 -5.60622225078 	 2.90199417916 	 5.02640136157 	 1.80659357829 	 -5.57033019973 	 False 	 16 	 9 	24 	5 	7 	10 	8 	3 	15 	13 	4 	23 	2 	9 	11 	1 	6 	17 	14 	21 	19 	12 	22 	16 	20 	18 	0
WN 	 dot-jump 	 False 	 153 	 circle 	 1024 	 768 	 1.16079767166 	 44.445 	 66.667 	 11 	 -2.90199417916 	 -5.02640136157 	 -5.60622225078 	 -1.50218272469 	 -2.93571456472 	 -4.9681323403 	 False 	 13 	 15 	3 	22 	4 	23 	2 	14 	1 	20 	13 	6 	19 	18 	5 	11 	15 	8 	9 	16 	10 	21 	24 	17 	12 	7 	0
WN 	 dot-jump 	 False 	 154 	 circle 	 1024 	 768 	 1.16079767166 	 44.445 	 66.667 	 17 	 5.02640136157 	 -2.90199417916 	 5.60622225078 	 -1.50218272469 	 5.26923127002 	 -2.8604398323 	 False 	 6 	 13 	24 	16 	22 	12 	4 	23 	17 	13 	7 	21 	9 	6 	2 	18 	10 	5 	3 	1 	19 	11 	20 	8 	14 	15 	0
WN 	 dot-jump 	 False 	 155 	 circle 	 1024 	 768 	 1.16079767166 	 44.445 	 66.667 	 16 	 4.10403952609 	 -4.10403952609 	 -5.02640136157 	 2.90199417916 	 4.29065974844 	 -4.51648394573 	 False 	 2 	 10 	13 	10 	16 	2 	11 	7 	3 	14 	17 	4 	5 	8 	20 	18 	9 	6 	19 	12 	22 	15 	21 	1 	24 	23 	0
WN 	 dot-jump 	 False 	 156 	 circle 	 1024 	 768 	 1.16079767166 	 44.445 	 66.667 	 10 	 -4.10403952609 	 -4.10403952609 	 -5.60622225078 	 1.50218272469 	 -4.06483555116 	 -4.29065974844 	 False 	 10 	 9 	1 	17 	2 	9 	23 	19 	13 	11 	7 	6 	10 	3 	12 	20 	4 	24 	18 	21 	16 	5 	14 	8 	15 	22 	0
WN 	 dot-jump 	 False 	 157 	 circle 	 1024 	 768 	 1.16079767166 	 44.445 	 66.667 	 23 	 2.90199417916 	 5.02640136157 	 -4.10403952609 	 -4.10403952609 	 3.42500032551 	 5.08104443895 	 False 	 11 	 12 	17 	12 	8 	19 	24 	16 	22 	11 	5 	14 	13 	23 	10 	18 	6 	20 	7 	2 	3 	15 	4 	1 	21 	9 	0
WN 	 dot-jump 	 False 	 158 	 circle 	 1024 	 768 	 1.16079767166 	 44.445 	 66.667 	 21 	 5.02640136157 	 2.90199417916 	 -5.80398835832 	 0.0 	 4.74230814302 	 3.04862666337 	 False 	 12 	 16 	5 	12 	11 	20 	16 	10 	14 	13 	9 	19 	1 	15 	21 	18 	23 	3 	7 	8 	22 	6 	2 	4 	24 	17 	0
WN 	 dot-jump 	 False 	 159 	 circle 	 1024 	 768 	 1.16079767166 	 44.445 	 66.667 	 6 	 -5.60622225078 	 1.50218272469 	 0.0 	 5.80398835832 	 -5.60796756595 	 1.69368147965 	 False 	 17 	 8 	9 	10 	11 	7 	8 	4 	24 	18 	1 	5 	19 	21 	15 	20 	3 	22 	16 	6 	2 	12 	17 	23 	14 	13 	0
WN 	 dot-jump 	 False 	 160 	 circle 	 1024 	 768 	 1.16079767166 	 44.445 	 66.667 	 2 	 -1.50218272469 	 5.60622225078 	 4.10403952609 	 -4.10403952609 	 -1.39258254993 	 5.15631917138 	 False 	 22 	 14 	12 	11 	7 	4 	14 	22 	8 	20 	13 	18 	19 	21 	9 	6 	16 	1 	24 	5 	10 	23 	3 	15 	2 	17 	0
WN 	 dot-jump 	 False 	 161 	 circle 	 1024 	 768 	 1.16079767166 	 44.445 	 66.667 	 15 	 2.90199417916 	 -5.02640136157 	 2.90199417916 	 -5.02640136157 	 3.04862666337 	 -5.08104443895 	 True 	 11 	 11 	8 	2 	18 	3 	1 	13 	24 	4 	12 	10 	14 	15 	17 	21 	23 	22 	20 	6 	19 	5 	9 	11 	7 	16 	0
WN 	 dot-jump 	 False 	 162 	 circle 	 1024 	 768 	 1.16079767166 	 44.445 	 66.667 	 21 	 5.02640136157 	 2.90199417916 	 -5.02640136157 	 -2.90199417916 	 5.19395653759 	 2.55934090258 	 False 	 1 	 13 	11 	21 	19 	24 	18 	16 	15 	1 	10 	23 	7 	5 	20 	9 	6 	4 	13 	2 	14 	17 	22 	12 	8 	3 	0
WN 	 dot-jump 	 False 	 163 	 circle 	 1024 	 768 	 1.16079767166 	 44.445 	 66.667 	 9 	 -5.02640136157 	 -2.90199417916 	 4.10403952609 	 4.10403952609 	 -4.9681323403 	 -2.8604398323 	 False 	 7 	 9 	2 	18 	12 	21 	17 	4 	3 	9 	11 	22 	20 	7 	10 	1 	13 	15 	23 	19 	5 	16 	8 	14 	24 	6 	0
WN 	 dot-jump 	 False 	 164 	 circle 	 1024 	 768 	 1.16079767166 	 44.445 	 66.667 	 17 	 5.02640136157 	 -2.90199417916 	 5.02640136157 	 -2.90199417916 	 5.11868180516 	 -2.67225300122 	 True 	 14 	 14 	15 	13 	8 	14 	2 	21 	7 	12 	11 	3 	20 	4 	10 	16 	17 	18 	23 	6 	5 	22 	9 	1 	19 	24 	0
WN 	 dot-jump 	 False 	 165 	 circle 	 1024 	 768 	 1.16079767166 	 44.445 	 66.667 	 8 	 -5.60622225078 	 -1.50218272469 	 -5.60622225078 	 -1.50218272469 	 -5.68324229838 	 -1.43021991615 	 True 	 12 	 12 	1 	24 	10 	5 	7 	14 	9 	23 	12 	3 	20 	22 	8 	18 	17 	15 	11 	13 	4 	21 	19 	2 	16 	6 	0
WN 	 dot-jump 	 False 	 166 	 circle 	 1024 	 768 	 1.16079767166 	 44.445 	 66.667 	 10 	 -4.10403952609 	 -4.10403952609 	 -2.90199417916 	 -5.02640136157 	 -3.9142860863 	 -4.51648394573 	 False 	 15 	 11 	19 	1 	8 	14 	13 	15 	22 	2 	7 	24 	16 	11 	9 	20 	5 	10 	21 	3 	12 	18 	17 	6 	4 	23 	0
WN 	 dot-jump 	 False 	 167 	 circle 	 1024 	 768 	 1.16079767166 	 44.445 	 66.667 	 5 	 -5.02640136157 	 2.90199417916 	 -5.02640136157 	 2.90199417916 	 -5.2315939038 	 2.93571456472 	 True 	 10 	 10 	19 	1 	2 	23 	16 	15 	22 	9 	3 	4 	5 	10 	11 	8 	24 	20 	13 	6 	21 	14 	12 	7 	17 	18 	0
WN 	 dot-jump 	 False 	 168 	 circle 	 1024 	 768 	 1.16079767166 	 44.445 	 66.667 	 18 	 5.60622225078 	 -1.50218272469 	 5.02640136157 	 2.90199417916 	 6.36071489024 	 -1.27967045129 	 False 	 1 	 15 	3 	18 	9 	8 	12 	23 	16 	15 	22 	10 	13 	6 	24 	19 	17 	21 	1 	4 	11 	5 	20 	14 	7 	2 	0
WN 	 dot-jump 	 False 	 169 	 circle 	 1024 	 768 	 1.16079767166 	 44.445 	 66.667 	 21 	 5.02640136157 	 2.90199417916 	 5.02640136157 	 2.90199417916 	 4.74230814302 	 3.08626402958 	 True 	 16 	 16 	1 	9 	4 	23 	3 	5 	20 	22 	13 	2 	14 	18 	19 	16 	7 	8 	21 	12 	17 	15 	11 	10 	6 	24 	0
WN 	 dot-jump 	 False 	 170 	 circle 	 1024 	 768 	 1.16079767166 	 44.445 	 66.667 	 12 	 -1.50218272469 	 -5.60622225078 	 2.90199417916 	 5.02640136157 	 -1.61840674722 	 -5.41978073488 	 False 	 15 	 8 	13 	7 	8 	3 	1 	22 	24 	15 	23 	21 	4 	19 	5 	14 	16 	12 	17 	10 	20 	11 	18 	9 	6 	2 	0
WN 	 dot-jump 	 False 	 171 	 circle 	 1024 	 768 	 1.16079767166 	 44.445 	 66.667 	 10 	 -4.10403952609 	 -4.10403952609 	 -5.02640136157 	 -2.90199417916 	 -4.25302238223 	 -4.14011028359 	 False 	 15 	 14 	1 	21 	4 	8 	19 	7 	20 	11 	13 	17 	3 	14 	16 	22 	9 	10 	23 	18 	5 	15 	2 	12 	6 	24 	0
WN 	 dot-jump 	 False 	 172 	 circle 	 1024 	 768 	 1.16079767166 	 44.445 	 66.667 	 11 	 -2.90199417916 	 -5.02640136157 	 -5.02640136157 	 -2.90199417916 	 -2.78516509987 	 -5.11868180516 	 False 	 10 	 9 	13 	5 	15 	20 	17 	18 	8 	3 	22 	9 	11 	21 	12 	10 	19 	1 	16 	7 	6 	23 	2 	4 	24 	14 	0
WN 	 dot-jump 	 False 	 173 	 circle 	 1024 	 768 	 1.16079767166 	 44.445 	 66.667 	 3 	 -2.90199417916 	 5.02640136157 	 -2.90199417916 	 5.02640136157 	 -3.1239013958 	 4.93049497409 	 True 	 11 	 11 	16 	12 	2 	15 	23 	22 	8 	20 	1 	21 	24 	3 	10 	14 	19 	6 	13 	11 	7 	5 	9 	17 	18 	4 	0
WN 	 dot-jump 	 False 	 174 	 circle 	 1024 	 768 	 1.16079767166 	 44.445 	 66.667 	 16 	 4.10403952609 	 -4.10403952609 	 4.10403952609 	 -4.10403952609 	 3.98956081873 	 -4.59175867816 	 True 	 10 	 10 	17 	12 	24 	15 	10 	22 	20 	13 	8 	14 	16 	9 	5 	11 	4 	18 	3 	1 	2 	21 	19 	6 	23 	7 	0
WN 	 dot-jump 	 False 	 175 	 circle 	 1024 	 768 	 1.16079767166 	 44.445 	 66.667 	 15 	 2.90199417916 	 -5.02640136157 	 1.50218272469 	 -5.60622225078 	 2.63461563501 	 -5.38214336866 	 False 	 10 	 13 	12 	8 	3 	13 	7 	1 	11 	23 	9 	5 	15 	19 	6 	14 	17 	22 	2 	18 	4 	20 	21 	16 	24 	10 	0
WN 	 dot-jump 	 False 	 176 	 circle 	 1024 	 768 	 1.16079767166 	 44.445 	 66.667 	 9 	 -5.02640136157 	 -2.90199417916 	 -2.90199417916 	 -5.02640136157 	 -4.93049497409 	 -2.89807719851 	 False 	 0 	 12 	9 	23 	4 	1 	17 	21 	15 	24 	22 	12 	20 	6 	11 	8 	14 	10 	7 	3 	19 	13 	16 	2 	18 	5 	0
WN 	 dot-jump 	 False 	 177 	 circle 	 1024 	 768 	 1.16079767166 	 44.445 	 66.667 	 23 	 2.90199417916 	 5.02640136157 	 2.90199417916 	 -5.02640136157 	 2.89807719851 	 4.66703341059 	 False 	 16 	 15 	16 	20 	9 	17 	24 	6 	13 	1 	12 	4 	22 	10 	14 	19 	2 	15 	23 	11 	21 	8 	5 	3 	18 	7 	0
WN 	 dot-jump 	 False 	 178 	 circle 	 1024 	 768 	 1.16079767166 	 44.445 	 66.667 	 5 	 -5.02640136157 	 2.90199417916 	 0.0 	 -5.80398835832 	 -4.93049497409 	 2.70989036744 	 False 	 10 	 8 	21 	12 	23 	11 	1 	16 	2 	22 	13 	8 	5 	6 	4 	18 	20 	15 	9 	19 	3 	7 	24 	17 	14 	10 	0
WN 	 dot-jump 	 False 	 179 	 circle 	 1024 	 768 	 1.16079767166 	 44.445 	 66.667 	 18 	 5.60622225078 	 -1.50218272469 	 4.10403952609 	 -4.10403952609 	 5.87142912945 	 -1.43021991615 	 False 	 17 	 16 	23 	19 	8 	6 	5 	4 	11 	9 	12 	13 	1 	24 	17 	21 	22 	20 	16 	18 	7 	2 	14 	10 	3 	15 	0
WN 	 dot-jump 	 False 	 180 	 circle 	 1024 	 768 	 1.16079767166 	 44.445 	 66.667 	 6 	 -5.60622225078 	 1.50218272469 	 -2.90199417916 	 5.02640136157 	 -5.53269283352 	 1.24203308508 	 False 	 7 	 12 	16 	24 	15 	4 	20 	18 	19 	6 	11 	14 	8 	21 	3 	22 	5 	10 	17 	1 	13 	23 	12 	9 	2 	7 	0
WN 	 dot-jump 	 False 	 181 	 circle 	 1024 	 768 	 1.16079767166 	 44.445 	 66.667 	 7 	 -5.80398835832 	 0.0 	 -5.60622225078 	 1.50218272469 	 -5.49505546731 	 0.263461563501 	 False 	 15 	 11 	15 	3 	4 	1 	22 	9 	10 	12 	16 	19 	13 	6 	17 	20 	5 	7 	24 	18 	11 	2 	14 	23 	21 	8 	0
WN 	 dot-jump 	 False 	 182 	 circle 	 1024 	 768 	 1.16079767166 	 44.445 	 66.667 	 4 	 -4.10403952609 	 4.10403952609 	 -4.10403952609 	 4.10403952609 	 -4.4412092133 	 4.1777476498 	 True 	 8 	 8 	7 	17 	14 	18 	6 	24 	19 	10 	4 	21 	22 	11 	15 	9 	20 	2 	1 	8 	23 	16 	5 	3 	13 	12 	0
WN 	 dot-jump 	 False 	 183 	 circle 	 1024 	 768 	 1.16079767166 	 44.445 	 66.667 	 7 	 -5.80398835832 	 0.0 	 -5.60622225078 	 -1.50218272469 	 -5.83379176324 	 -0.150549464858 	 False 	 14 	 13 	2 	14 	22 	9 	21 	5 	24 	3 	15 	6 	10 	11 	16 	8 	7 	18 	12 	23 	13 	4 	19 	17 	1 	20 	0
WN 	 dot-jump 	 False 	 184 	 circle 	 1024 	 768 	 1.16079767166 	 44.445 	 66.667 	 10 	 -4.10403952609 	 -4.10403952609 	 -5.60622225078 	 -1.50218272469 	 -3.76373662144 	 -3.80137398766 	 False 	 17 	 14 	17 	7 	14 	3 	20 	22 	15 	23 	2 	11 	9 	19 	12 	16 	8 	18 	1 	10 	24 	5 	13 	21 	4 	6 	0
WN 	 dot-jump 	 False 	 185 	 circle 	 1024 	 768 	 1.16079767166 	 44.445 	 66.667 	 12 	 -1.50218272469 	 -5.60622225078 	 -5.60622225078 	 1.50218272469 	 -1.35494518372 	 -5.41978073488 	 False 	 11 	 9 	10 	9 	5 	15 	7 	13 	22 	11 	23 	6 	4 	12 	20 	24 	17 	8 	21 	18 	3 	16 	14 	19 	2 	1 	0
WN 	 dot-jump 	 False 	 186 	 circle 	 1024 	 768 	 1.16079767166 	 44.445 	 66.667 	 22 	 4.10403952609 	 4.10403952609 	 5.60622225078 	 1.50218272469 	 4.02719818494 	 3.57554979037 	 False 	 3 	 15 	17 	18 	4 	22 	19 	11 	12 	5 	2 	24 	6 	13 	16 	15 	9 	20 	23 	21 	3 	10 	7 	1 	8 	14 	0
WN 	 dot-jump 	 False 	 187 	 circle 	 1024 	 768 	 1.16079767166 	 44.445 	 66.667 	 6 	 -5.60622225078 	 1.50218272469 	 5.60622225078 	 1.50218272469 	 -5.19395653759 	 1.27967045129 	 False 	 13 	 10 	9 	3 	8 	11 	7 	22 	15 	17 	24 	13 	20 	5 	1 	6 	14 	18 	12 	19 	21 	16 	10 	4 	23 	2 	0
WN 	 dot-jump 	 False 	 188 	 circle 	 1024 	 768 	 1.16079767166 	 44.445 	 66.667 	 5 	 -5.02640136157 	 2.90199417916 	 -4.10403952609 	 4.10403952609 	 -4.66703341059 	 2.52170353637 	 False 	 21 	 16 	13 	3 	18 	8 	23 	24 	19 	2 	11 	1 	20 	14 	6 	16 	15 	9 	4 	21 	10 	12 	22 	5 	17 	7 	0
WN 	 dot-jump 	 False 	 189 	 circle 	 1024 	 768 	 1.16079767166 	 44.445 	 66.667 	 3 	 -2.90199417916 	 5.02640136157 	 -5.02640136157 	 2.90199417916 	 -2.89807719851 	 5.19395653759 	 False 	 6 	 10 	18 	16 	4 	20 	13 	9 	3 	15 	19 	21 	5 	2 	14 	11 	1 	22 	12 	6 	7 	10 	8 	17 	24 	23 	0
WN 	 dot-jump 	 False 	 190 	 circle 	 1024 	 768 	 1.16079767166 	 44.445 	 66.667 	 2 	 -1.50218272469 	 5.60622225078 	 0.0 	 5.80398835832 	 -1.58076938101 	 4.9681323403 	 False 	 12 	 11 	10 	16 	20 	9 	8 	5 	15 	14 	12 	17 	4 	1 	2 	6 	11 	21 	18 	23 	7 	19 	3 	24 	22 	13 	0
WN 	 dot-jump 	 False 	 191 	 circle 	 1024 	 768 	 1.16079767166 	 44.445 	 66.667 	 23 	 2.90199417916 	 5.02640136157 	 1.50218272469 	 -5.60622225078 	 2.67225300122 	 4.7046707768 	 False 	 14 	 16 	7 	15 	12 	1 	5 	6 	9 	2 	16 	21 	20 	4 	18 	3 	23 	22 	14 	24 	13 	10 	8 	11 	17 	19 	0
WN 	 dot-jump 	 False 	 192 	 circle 	 1024 	 768 	 1.16079767166 	 44.445 	 66.667 	 15 	 2.90199417916 	 -5.02640136157 	 0.0 	 -5.80398835832 	 2.63461563501 	 -4.81758287545 	 False 	 16 	 14 	19 	23 	6 	17 	2 	8 	20 	1 	11 	10 	14 	4 	9 	24 	13 	16 	15 	3 	7 	22 	12 	5 	18 	21 	0
WN 	 dot-jump 	 False 	 193 	 circle 	 1024 	 768 	 1.16079767166 	 44.445 	 66.667 	 5 	 -5.02640136157 	 2.90199417916 	 4.10403952609 	 4.10403952609 	 -4.85522024166 	 2.82280246608 	 False 	 12 	 8 	7 	6 	10 	21 	12 	16 	8 	23 	22 	4 	9 	18 	5 	14 	15 	17 	3 	1 	24 	20 	2 	11 	19 	13 	0
WN 	 dot-jump 	 False 	 194 	 circle 	 1024 	 768 	 1.16079767166 	 44.445 	 66.667 	 3 	 -2.90199417916 	 5.02640136157 	 -1.50218272469 	 5.60622225078 	 -2.93571456472 	 4.62939604437 	 False 	 17 	 15 	17 	21 	14 	19 	24 	1 	16 	9 	5 	15 	8 	11 	12 	20 	22 	2 	4 	3 	10 	13 	23 	6 	7 	18 	0
WN 	 dot-jump 	 False 	 195 	 circle 	 1024 	 768 	 1.16079767166 	 44.445 	 66.667 	 15 	 2.90199417916 	 -5.02640136157 	 2.90199417916 	 -5.02640136157 	 2.63461563501 	 -4.89285760787 	 True 	 9 	 9 	16 	17 	22 	23 	12 	19 	4 	13 	24 	15 	1 	7 	21 	8 	3 	5 	20 	10 	2 	18 	9 	14 	6 	11 	0
WN 	 dot-jump 	 False 	 196 	 circle 	 1024 	 768 	 1.16079767166 	 44.445 	 66.667 	 23 	 2.90199417916 	 5.02640136157 	 2.90199417916 	 5.02640136157 	 2.82280246608 	 4.81758287545 	 True 	 13 	 13 	5 	13 	4 	17 	24 	20 	14 	7 	19 	21 	2 	6 	10 	23 	15 	8 	12 	1 	22 	11 	18 	16 	9 	3 	0
WN 	 dot-jump 	 False 	 197 	 circle 	 1024 	 768 	 1.16079767166 	 44.445 	 66.667 	 1 	 0.0 	 5.80398835832 	 1.50218272469 	 5.60622225078 	 0.112912098643 	 5.38214336866 	 False 	 10 	 12 	18 	13 	12 	14 	22 	17 	16 	21 	10 	9 	1 	6 	24 	8 	4 	3 	20 	15 	7 	19 	11 	2 	23 	5 	0
WN 	 dot-jump 	 False 	 198 	 circle 	 1024 	 768 	 1.16079767166 	 44.445 	 66.667 	 14 	 1.50218272469 	 -5.60622225078 	 -4.10403952609 	 -4.10403952609 	 1.16675835265 	 -5.94670386188 	 False 	 8 	 9 	8 	19 	9 	15 	1 	2 	24 	5 	14 	10 	13 	17 	7 	6 	21 	12 	4 	20 	11 	3 	16 	22 	23 	18 	0
WN 	 dot-jump 	 False 	 199 	 circle 	 1024 	 768 	 1.16079767166 	 44.445 	 66.667 	 9 	 -5.02640136157 	 -2.90199417916 	 -5.02640136157 	 -2.90199417916 	 -5.15631917138 	 -2.82280246608 	 True 	 13 	 13 	11 	15 	2 	13 	4 	19 	18 	6 	7 	5 	17 	24 	1 	9 	20 	16 	14 	12 	23 	22 	3 	10 	21 	8 	0
WN 	 dot-jump 	 False 	 200 	 circle 	 1024 	 768 	 1.16079767166 	 44.445 	 66.667 	 22 	 4.10403952609 	 4.10403952609 	 5.60622225078 	 1.50218272469 	 4.59175867816 	 4.10247291737 	 False 	 16 	 15 	15 	2 	9 	7 	1 	17 	6 	5 	19 	8 	21 	23 	4 	24 	16 	20 	22 	18 	3 	13 	12 	14 	11 	10 	0
WN 	 dot-jump 	 False 	 201 	 circle 	 1024 	 768 	 1.16079767166 	 44.445 	 66.667 	 14 	 1.50218272469 	 -5.60622225078 	 1.50218272469 	 5.60622225078 	 1.88186831072 	 -5.2315939038 	 False 	 6 	 8 	21 	17 	8 	19 	18 	1 	14 	7 	24 	3 	5 	16 	15 	6 	22 	10 	4 	13 	12 	23 	11 	9 	20 	2 	0
WN 	 dot-jump 	 False 	 202 	 circle 	 1024 	 768 	 1.16079767166 	 44.445 	 66.667 	 6 	 -5.60622225078 	 1.50218272469 	 0.0 	 5.80398835832 	 -5.34450600245 	 1.80659357829 	 False 	 13 	 12 	7 	8 	24 	23 	17 	13 	10 	14 	3 	22 	2 	5 	1 	6 	18 	16 	11 	15 	20 	21 	12 	19 	4 	9 	0
WN 	 dot-jump 	 False 	 203 	 circle 	 1024 	 768 	 1.16079767166 	 44.445 	 66.667 	 14 	 1.50218272469 	 -5.60622225078 	 0.0 	 5.80398835832 	 1.43021991615 	 -5.72087966459 	 False 	 8 	 10 	21 	6 	19 	12 	13 	18 	22 	7 	14 	24 	1 	5 	23 	3 	10 	17 	11 	8 	16 	2 	4 	20 	9 	15 	0
WN 	 dot-jump 	 False 	 204 	 circle 	 1024 	 768 	 1.16079767166 	 44.445 	 66.667 	 3 	 -2.90199417916 	 5.02640136157 	 -1.50218272469 	 5.60622225078 	 -3.08626402958 	 4.85522024166 	 False 	 0 	 11 	3 	6 	16 	23 	19 	24 	9 	12 	4 	22 	11 	2 	15 	14 	8 	5 	13 	20 	10 	18 	21 	7 	1 	17 	0
WN 	 dot-jump 	 False 	 205 	 circle 	 1024 	 768 	 1.16079767166 	 44.445 	 66.667 	 15 	 2.90199417916 	 -5.02640136157 	 -1.50218272469 	 -5.60622225078 	 3.04862666337 	 -4.93049497409 	 False 	 6 	 14 	10 	21 	19 	7 	2 	8 	15 	24 	13 	5 	22 	9 	3 	6 	12 	16 	14 	20 	17 	18 	4 	11 	23 	1 	0
WN 	 dot-jump 	 False 	 206 	 circle 	 1024 	 768 	 1.16079767166 	 44.445 	 66.667 	 4 	 -4.10403952609 	 4.10403952609 	 -1.50218272469 	 5.60622225078 	 -3.95192345251 	 3.80137398766 	 False 	 10 	 16 	3 	13 	11 	23 	24 	18 	19 	16 	6 	14 	4 	1 	20 	21 	22 	7 	2 	8 	10 	15 	12 	5 	9 	17 	0
WN 	 dot-jump 	 False 	 207 	 circle 	 1024 	 768 	 1.16079767166 	 44.445 	 66.667 	 5 	 -5.02640136157 	 2.90199417916 	 -5.02640136157 	 2.90199417916 	 -5.41978073488 	 2.52170353637 	 True 	 11 	 11 	17 	18 	22 	21 	11 	2 	16 	10 	23 	13 	12 	5 	20 	9 	24 	7 	6 	4 	1 	14 	3 	8 	19 	15 	0
WN 	 dot-jump 	 False 	 208 	 circle 	 1024 	 768 	 1.16079767166 	 44.445 	 66.667 	 10 	 -4.10403952609 	 -4.10403952609 	 -5.02640136157 	 -2.90199417916 	 -3.98956081873 	 -4.1777476498 	 False 	 20 	 8 	12 	24 	15 	6 	22 	7 	13 	11 	9 	18 	3 	21 	2 	4 	20 	14 	5 	17 	1 	16 	10 	23 	8 	19 	0
WN 	 dot-jump 	 False 	 209 	 circle 	 1024 	 768 	 1.16079767166 	 44.445 	 66.667 	 20 	 5.60622225078 	 1.50218272469 	 5.80398835832 	 0.0 	 5.60796756595 	 1.54313201479 	 False 	 13 	 9 	22 	21 	8 	10 	15 	17 	14 	24 	12 	19 	6 	7 	4 	20 	2 	5 	16 	3 	18 	1 	11 	23 	13 	9 	0
WN 	 dot-jump 	 False 	 210 	 circle 	 1024 	 768 	 1.16079767166 	 44.445 	 66.667 	 4 	 -4.10403952609 	 4.10403952609 	 2.90199417916 	 5.02640136157 	 -4.14011028359 	 4.14011028359 	 False 	 14 	 13 	19 	10 	18 	12 	8 	1 	22 	7 	14 	15 	16 	6 	9 	23 	4 	24 	13 	3 	17 	5 	11 	20 	2 	21 	0
WN 	 dot-jump 	 False 	 211 	 circle 	 1024 	 768 	 1.16079767166 	 44.445 	 66.667 	 10 	 -4.10403952609 	 -4.10403952609 	 -1.50218272469 	 -5.60622225078 	 -3.87664872009 	 -3.9142860863 	 False 	 12 	 10 	4 	9 	3 	16 	21 	20 	14 	1 	8 	15 	12 	22 	10 	5 	19 	2 	6 	24 	18 	23 	17 	7 	11 	13 	0
WN 	 dot-jump 	 False 	 212 	 circle 	 1024 	 768 	 1.16079767166 	 44.445 	 66.667 	 15 	 2.90199417916 	 -5.02640136157 	 4.10403952609 	 -4.10403952609 	 3.08626402958 	 -4.93049497409 	 False 	 11 	 16 	14 	7 	23 	10 	6 	19 	17 	1 	21 	8 	2 	15 	5 	24 	22 	12 	16 	13 	20 	11 	9 	18 	4 	3 	0
WN 	 dot-jump 	 False 	 213 	 circle 	 1024 	 768 	 1.16079767166 	 44.445 	 66.667 	 11 	 -2.90199417916 	 -5.02640136157 	 0.0 	 -5.80398835832 	 -2.44642880394 	 -5.30686863623 	 False 	 21 	 15 	7 	10 	23 	15 	24 	8 	18 	9 	22 	14 	2 	5 	21 	6 	4 	13 	1 	12 	20 	3 	16 	11 	17 	19 	0
WN 	 dot-jump 	 False 	 214 	 circle 	 1024 	 768 	 1.16079767166 	 44.445 	 66.667 	 2 	 -1.50218272469 	 5.60622225078 	 0.0 	 5.80398835832 	 -1.76895621208 	 5.26923127002 	 False 	 0 	 14 	2 	10 	18 	19 	8 	20 	6 	15 	22 	17 	16 	23 	4 	21 	1 	14 	5 	13 	12 	11 	9 	24 	3 	7 	0
WN 	 dot-jump 	 False 	 215 	 circle 	 1024 	 768 	 1.16079767166 	 44.445 	 66.667 	 8 	 -5.60622225078 	 -1.50218272469 	 -1.50218272469 	 5.60622225078 	 -5.49505546731 	 -1.58076938101 	 False 	 5 	 12 	20 	21 	13 	15 	6 	8 	19 	12 	14 	4 	5 	7 	2 	18 	16 	23 	3 	9 	24 	22 	11 	1 	17 	10 	0
WN 	 dot-jump 	 False 	 216 	 circle 	 1024 	 768 	 1.16079767166 	 44.445 	 66.667 	 9 	 -5.02640136157 	 -2.90199417916 	 -2.90199417916 	 5.02640136157 	 -4.93049497409 	 -2.89807719851 	 False 	 15 	 16 	18 	11 	4 	5 	2 	15 	20 	13 	21 	14 	23 	12 	17 	1 	7 	9 	3 	24 	22 	8 	19 	10 	16 	6 	0
WN 	 dot-jump 	 False 	 217 	 circle 	 1024 	 768 	 1.16079767166 	 44.445 	 66.667 	 2 	 -1.50218272469 	 5.60622225078 	 -4.10403952609 	 -4.10403952609 	 -1.24203308508 	 5.60796756595 	 False 	 10 	 13 	9 	14 	18 	17 	20 	16 	19 	22 	12 	23 	2 	21 	24 	10 	13 	1 	15 	3 	4 	6 	5 	7 	11 	8 	0
WN 	 dot-jump 	 False 	 218 	 circle 	 1024 	 768 	 1.16079767166 	 44.445 	 66.667 	 11 	 -2.90199417916 	 -5.02640136157 	 0.0 	 -5.80398835832 	 -2.93571456472 	 -4.93049497409 	 False 	 9 	 8 	4 	24 	6 	18 	10 	12 	9 	3 	13 	11 	23 	22 	7 	21 	1 	5 	16 	15 	17 	8 	19 	20 	14 	2 	0
WN 	 dot-jump 	 False 	 219 	 circle 	 1024 	 768 	 1.16079767166 	 44.445 	 66.667 	 6 	 -5.60622225078 	 1.50218272469 	 1.50218272469 	 5.60622225078 	 -5.79615439702 	 1.61840674722 	 False 	 16 	 15 	5 	14 	23 	3 	4 	16 	15 	10 	11 	17 	18 	2 	19 	8 	20 	24 	6 	7 	22 	12 	9 	21 	1 	13 	0
WN 	 dot-jump 	 False 	 220 	 circle 	 1024 	 768 	 1.16079767166 	 44.445 	 66.667 	 10 	 -4.10403952609 	 -4.10403952609 	 1.50218272469 	 5.60622225078 	 -4.10247291737 	 -3.87664872009 	 False 	 9 	 10 	13 	17 	14 	22 	11 	4 	18 	6 	16 	10 	24 	9 	21 	12 	20 	1 	2 	5 	7 	15 	3 	23 	19 	8 	0
WN 	 dot-jump 	 False 	 221 	 circle 	 1024 	 768 	 1.16079767166 	 44.445 	 66.667 	 16 	 4.10403952609 	 -4.10403952609 	 4.10403952609 	 -4.10403952609 	 4.40357184709 	 -4.7046707768 	 True 	 11 	 11 	22 	12 	9 	7 	4 	15 	14 	1 	23 	10 	17 	16 	24 	21 	6 	8 	18 	11 	13 	2 	3 	20 	5 	19 	0
WN 	 dot-jump 	 False 	 222 	 circle 	 1024 	 768 	 1.16079767166 	 44.445 	 66.667 	 14 	 1.50218272469 	 -5.60622225078 	 5.02640136157 	 -2.90199417916 	 1.46785728236 	 -5.68324229838 	 False 	 5 	 12 	19 	20 	12 	4 	16 	14 	9 	7 	3 	24 	22 	13 	17 	18 	5 	2 	8 	23 	21 	15 	11 	10 	6 	1 	0
WN 	 dot-jump 	 False 	 223 	 circle 	 1024 	 768 	 1.16079767166 	 44.445 	 66.667 	 12 	 -1.50218272469 	 -5.60622225078 	 0.0 	 -5.80398835832 	 -1.61840674722 	 -5.34450600245 	 False 	 15 	 14 	21 	24 	16 	14 	6 	23 	19 	3 	2 	7 	8 	11 	20 	4 	13 	12 	9 	10 	1 	5 	18 	22 	15 	17 	0
WN 	 dot-jump 	 False 	 224 	 circle 	 1024 	 768 	 1.16079767166 	 44.445 	 66.667 	 4 	 -4.10403952609 	 4.10403952609 	 4.10403952609 	 -4.10403952609 	 -3.9142860863 	 3.72609925523 	 False 	 12 	 9 	2 	10 	11 	15 	23 	17 	7 	22 	3 	16 	19 	5 	4 	12 	18 	6 	14 	8 	13 	1 	9 	21 	24 	20 	0
WN 	 dot-jump 	 False 	 225 	 circle 	 1024 	 768 	 1.16079767166 	 44.445 	 66.667 	 11 	 -2.90199417916 	 -5.02640136157 	 -2.90199417916 	 -5.02640136157 	 -2.82280246608 	 -5.49505546731 	 True 	 9 	 9 	15 	8 	3 	20 	18 	14 	24 	10 	1 	11 	16 	23 	22 	2 	6 	12 	13 	7 	9 	5 	21 	4 	19 	17 	0
WN 	 dot-jump 	 False 	 226 	 circle 	 1024 	 768 	 1.16079767166 	 44.445 	 66.667 	 15 	 2.90199417916 	 -5.02640136157 	 0.0 	 5.80398835832 	 3.01098929715 	 -5.15631917138 	 False 	 5 	 12 	12 	11 	13 	7 	2 	15 	10 	6 	3 	16 	24 	23 	1 	5 	8 	21 	20 	14 	18 	17 	9 	4 	22 	19 	0
WN 	 dot-jump 	 False 	 227 	 circle 	 1024 	 768 	 1.16079767166 	 44.445 	 66.667 	 24 	 1.50218272469 	 5.60622225078 	 -1.50218272469 	 5.60622225078 	 1.43021991615 	 5.19395653759 	 False 	 11 	 15 	16 	5 	15 	7 	10 	6 	14 	18 	19 	21 	3 	24 	12 	11 	1 	2 	23 	20 	4 	8 	9 	13 	17 	22 	0
WN 	 dot-jump 	 False 	 228 	 circle 	 1024 	 768 	 1.16079767166 	 44.445 	 66.667 	 6 	 -5.60622225078 	 1.50218272469 	 0.0 	 -5.80398835832 	 -5.72087966459 	 1.24203308508 	 False 	 12 	 11 	17 	24 	18 	23 	11 	9 	5 	8 	20 	2 	19 	13 	6 	15 	10 	1 	21 	14 	3 	22 	4 	16 	12 	7 	0
WN 	 dot-jump 	 False 	 229 	 circle 	 1024 	 768 	 1.16079767166 	 44.445 	 66.667 	 4 	 -4.10403952609 	 4.10403952609 	 4.10403952609 	 4.10403952609 	 -3.80137398766 	 3.98956081873 	 False 	 15 	 14 	18 	3 	9 	5 	10 	16 	2 	7 	19 	6 	17 	14 	13 	20 	22 	4 	24 	15 	11 	8 	21 	1 	12 	23 	0
WN 	 dot-jump 	 False 	 230 	 circle 	 1024 	 768 	 1.16079767166 	 44.445 	 66.667 	 17 	 5.02640136157 	 -2.90199417916 	 5.60622225078 	 1.50218272469 	 4.81758287545 	 -2.78516509987 	 False 	 2 	 10 	1 	16 	17 	21 	9 	14 	7 	12 	10 	2 	20 	19 	13 	8 	18 	24 	3 	15 	6 	23 	4 	5 	11 	22 	0
WN 	 dot-jump 	 False 	 231 	 circle 	 1024 	 768 	 1.16079767166 	 44.445 	 66.667 	 23 	 2.90199417916 	 5.02640136157 	 0.0 	 5.80398835832 	 3.01098929715 	 4.7046707768 	 False 	 15 	 16 	18 	17 	6 	13 	24 	21 	20 	15 	5 	14 	2 	7 	11 	10 	19 	23 	1 	22 	4 	9 	8 	12 	3 	16 	0
WN 	 dot-jump 	 False 	 232 	 circle 	 1024 	 768 	 1.16079767166 	 44.445 	 66.667 	 8 	 -5.60622225078 	 -1.50218272469 	 -1.50218272469 	 -5.60622225078 	 -5.45741810109 	 -1.88186831072 	 False 	 4 	 8 	10 	3 	4 	21 	8 	7 	2 	13 	12 	15 	5 	1 	14 	24 	11 	23 	16 	9 	17 	18 	19 	20 	6 	22 	0
WN 	 dot-jump 	 False 	 233 	 circle 	 1024 	 768 	 1.16079767166 	 44.445 	 66.667 	 14 	 1.50218272469 	 -5.60622225078 	 1.50218272469 	 -5.60622225078 	 1.88186831072 	 -5.45741810109 	 True 	 13 	 13 	12 	18 	23 	4 	17 	16 	7 	19 	6 	5 	15 	8 	21 	14 	9 	10 	20 	11 	2 	1 	3 	22 	13 	24 	0
WN 	 dot-jump 	 False 	 234 	 circle 	 1024 	 768 	 1.16079767166 	 44.445 	 66.667 	 3 	 -2.90199417916 	 5.02640136157 	 1.50218272469 	 5.60622225078 	 -3.19917612823 	 4.77994550923 	 False 	 13 	 8 	8 	19 	18 	9 	12 	13 	17 	7 	24 	5 	21 	4 	22 	3 	14 	16 	15 	10 	2 	23 	6 	11 	1 	20 	0
WN 	 dot-jump 	 False 	 235 	 circle 	 1024 	 768 	 1.16079767166 	 44.445 	 66.667 	 23 	 2.90199417916 	 5.02640136157 	 -2.90199417916 	 -5.02640136157 	 2.93571456472 	 5.00576970652 	 False 	 3 	 15 	6 	3 	13 	23 	18 	15 	9 	1 	16 	10 	7 	21 	17 	19 	24 	11 	12 	20 	5 	2 	8 	4 	22 	14 	0
WN 	 dot-jump 	 False 	 236 	 circle 	 1024 	 768 	 1.16079767166 	 44.445 	 66.667 	 22 	 4.10403952609 	 4.10403952609 	 4.10403952609 	 4.10403952609 	 3.98956081873 	 3.87664872009 	 True 	 11 	 11 	5 	18 	17 	24 	23 	14 	4 	20 	10 	19 	1 	22 	12 	11 	15 	8 	9 	7 	6 	21 	16 	2 	3 	13 	0
WN 	 dot-jump 	 False 	 237 	 circle 	 1024 	 768 	 1.16079767166 	 44.445 	 66.667 	 11 	 -2.90199417916 	 -5.02640136157 	 -2.90199417916 	 -5.02640136157 	 -2.55934090258 	 -5.15631917138 	 True 	 10 	 10 	15 	3 	19 	14 	2 	20 	17 	18 	4 	22 	11 	6 	1 	21 	9 	7 	8 	10 	24 	12 	13 	23 	16 	5 	0
WN 	 dot-jump 	 False 	 238 	 circle 	 1024 	 768 	 1.16079767166 	 44.445 	 66.667 	 18 	 5.60622225078 	 -1.50218272469 	 -1.50218272469 	 5.60622225078 	 5.90906649566 	 -1.43021991615 	 False 	 12 	 13 	13 	22 	17 	20 	21 	19 	24 	11 	1 	12 	4 	16 	18 	2 	5 	8 	14 	3 	10 	9 	7 	15 	6 	23 	0
WN 	 dot-jump 	 False 	 239 	 circle 	 1024 	 768 	 1.16079767166 	 44.445 	 66.667 	 18 	 5.60622225078 	 -1.50218272469 	 5.60622225078 	 -1.50218272469 	 6.09725332674 	 -1.91950567694 	 True 	 14 	 14 	10 	17 	14 	9 	4 	1 	2 	5 	3 	7 	13 	15 	21 	8 	18 	12 	23 	6 	22 	16 	24 	19 	11 	20 	0
WN 	 dot-jump 	 False 	 240 	 circle 	 1024 	 768 	 1.16079767166 	 44.445 	 66.667 	 7 	 -5.80398835832 	 0.0 	 -5.80398835832 	 0.0 	 -5.60796756595 	 0.112912098643 	 True 	 12 	 12 	11 	13 	24 	18 	21 	20 	5 	16 	23 	3 	4 	8 	7 	14 	1 	2 	22 	15 	12 	10 	9 	6 	19 	17 	0
WN 	 dot-jump 	 False 	 241 	 circle 	 1024 	 768 	 1.16079767166 	 44.445 	 66.667 	 15 	 2.90199417916 	 -5.02640136157 	 -2.90199417916 	 5.02640136157 	 2.70989036744 	 -4.4412092133 	 False 	 10 	 9 	12 	14 	16 	13 	17 	1 	24 	10 	4 	3 	15 	20 	11 	8 	7 	23 	22 	5 	6 	2 	18 	9 	21 	19 	0
WN 	 dot-jump 	 False 	 242 	 circle 	 1024 	 768 	 1.16079767166 	 44.445 	 66.667 	 18 	 5.60622225078 	 -1.50218272469 	 -5.02640136157 	 2.90199417916 	 5.60796756595 	 -1.50549464858 	 False 	 12 	 16 	20 	15 	9 	2 	1 	16 	13 	12 	17 	4 	11 	8 	18 	7 	6 	22 	5 	19 	23 	24 	3 	14 	21 	10 	0
WN 	 dot-jump 	 False 	 243 	 circle 	 1024 	 768 	 1.16079767166 	 44.445 	 66.667 	 1 	 0.0 	 5.80398835832 	 -1.50218272469 	 5.60622225078 	 0.0 	 5.87142912945 	 False 	 22 	 16 	11 	6 	19 	24 	22 	20 	17 	14 	5 	4 	15 	23 	12 	16 	7 	13 	2 	9 	3 	21 	10 	18 	1 	8 	0
WN 	 dot-jump 	 False 	 244 	 circle 	 1024 	 768 	 1.16079767166 	 44.445 	 66.667 	 17 	 5.02640136157 	 -2.90199417916 	 5.60622225078 	 -1.50218272469 	 4.77994550923 	 -2.82280246608 	 False 	 22 	 14 	2 	15 	4 	16 	14 	24 	21 	7 	6 	8 	5 	22 	9 	12 	18 	23 	10 	11 	20 	3 	13 	19 	17 	1 	0
WN 	 dot-jump 	 False 	 245 	 circle 	 1024 	 768 	 1.16079767166 	 44.445 	 66.667 	 10 	 -4.10403952609 	 -4.10403952609 	 -4.10403952609 	 -4.10403952609 	 -4.40357184709 	 -4.14011028359 	 True 	 12 	 12 	17 	15 	3 	23 	4 	11 	22 	16 	12 	9 	7 	18 	10 	13 	1 	21 	8 	2 	19 	20 	14 	6 	24 	5 	0
WN 	 dot-jump 	 False 	 246 	 circle 	 1024 	 768 	 1.16079767166 	 44.445 	 66.667 	 13 	 0.0 	 -5.80398835832 	 1.50218272469 	 -5.60622225078 	 -0.263461563501 	 -5.60796756595 	 False 	 12 	 10 	16 	15 	1 	2 	11 	3 	17 	10 	22 	8 	14 	24 	13 	9 	6 	4 	19 	18 	21 	23 	20 	12 	5 	7 	0
WN 	 dot-jump 	 False 	 247 	 circle 	 1024 	 768 	 1.16079767166 	 44.445 	 66.667 	 5 	 -5.02640136157 	 2.90199417916 	 0.0 	 -5.80398835832 	 -4.81758287545 	 2.52170353637 	 False 	 17 	 15 	22 	14 	12 	8 	19 	9 	15 	10 	18 	17 	3 	6 	1 	20 	7 	13 	2 	5 	16 	24 	21 	4 	11 	23 	0
WN 	 dot-jump 	 False 	 248 	 circle 	 1024 	 768 	 1.16079767166 	 44.445 	 66.667 	 3 	 -2.90199417916 	 5.02640136157 	 -1.50218272469 	 5.60622225078 	 -2.8604398323 	 4.36593448087 	 False 	 4 	 11 	11 	20 	21 	9 	3 	15 	6 	18 	1 	14 	16 	2 	7 	24 	4 	22 	10 	17 	19 	13 	23 	8 	12 	5 	0
WN 	 dot-jump 	 False 	 249 	 circle 	 1024 	 768 	 1.16079767166 	 44.445 	 66.667 	 21 	 5.02640136157 	 2.90199417916 	 -5.80398835832 	 0.0 	 5.41978073488 	 2.63461563501 	 False 	 8 	 9 	17 	14 	5 	22 	3 	18 	12 	9 	21 	7 	6 	13 	8 	15 	1 	10 	11 	19 	20 	16 	4 	23 	2 	24 	0
WN 	 dot-jump 	 False 	 250 	 circle 	 1024 	 768 	 1.16079767166 	 44.445 	 66.667 	 9 	 -5.02640136157 	 -2.90199417916 	 -5.60622225078 	 -1.50218272469 	 -5.19395653759 	 -2.44642880394 	 False 	 1 	 13 	13 	9 	12 	15 	24 	5 	19 	3 	14 	18 	2 	7 	10 	8 	23 	20 	1 	4 	6 	21 	22 	16 	11 	17 	0
WN 	 dot-jump 	 False 	 251 	 circle 	 1024 	 768 	 1.16079767166 	 44.445 	 66.667 	 9 	 -5.02640136157 	 -2.90199417916 	 -2.90199417916 	 -5.02640136157 	 -5.04340707273 	 -3.3873629593 	 False 	 9 	 8 	22 	12 	7 	3 	24 	5 	1 	15 	11 	9 	23 	2 	18 	21 	4 	8 	6 	16 	13 	10 	20 	14 	19 	17 	0
WN 	 dot-jump 	 False 	 252 	 circle 	 1024 	 768 	 1.16079767166 	 44.445 	 66.667 	 11 	 -2.90199417916 	 -5.02640136157 	 -4.10403952609 	 4.10403952609 	 -2.48406617015 	 -5.11868180516 	 False 	 2 	 16 	5 	20 	11 	7 	14 	23 	21 	16 	8 	15 	17 	1 	10 	24 	3 	6 	4 	12 	2 	13 	19 	18 	22 	9 	0
WN 	 dot-jump 	 False 	 253 	 circle 	 1024 	 768 	 1.16079767166 	 44.445 	 66.667 	 22 	 4.10403952609 	 4.10403952609 	 2.90199417916 	 5.02640136157 	 3.87664872009 	 4.21538501602 	 False 	 12 	 15 	13 	20 	24 	9 	18 	1 	14 	6 	19 	8 	11 	17 	22 	4 	10 	23 	5 	2 	21 	12 	16 	7 	3 	15 	0
WN 	 dot-jump 	 False 	 254 	 circle 	 1024 	 768 	 1.16079767166 	 44.445 	 66.667 	 5 	 -5.02640136157 	 2.90199417916 	 1.50218272469 	 5.60622225078 	 -5.08104443895 	 3.08626402958 	 False 	 16 	 8 	22 	2 	7 	8 	4 	21 	15 	9 	24 	18 	20 	12 	19 	11 	17 	6 	5 	13 	3 	16 	23 	1 	10 	14 	0
WN 	 dot-jump 	 False 	 255 	 circle 	 1024 	 768 	 1.16079767166 	 44.445 	 66.667 	 4 	 -4.10403952609 	 4.10403952609 	 -5.80398835832 	 0.0 	 -4.10247291737 	 3.80137398766 	 False 	 9 	 12 	12 	9 	18 	8 	13 	15 	23 	6 	16 	4 	20 	2 	7 	1 	5 	11 	22 	10 	24 	19 	21 	3 	14 	17 	0
WN 	 dot-jump 	 False 	 256 	 circle 	 1024 	 768 	 1.16079767166 	 44.445 	 66.667 	 9 	 -5.02640136157 	 -2.90199417916 	 5.60622225078 	 1.50218272469 	 -5.04340707273 	 -3.19917612823 	 False 	 20 	 13 	10 	17 	14 	6 	22 	12 	15 	1 	4 	11 	23 	2 	8 	20 	21 	7 	24 	13 	5 	19 	9 	3 	18 	16 	0
WN 	 dot-jump 	 False 	 257 	 circle 	 1024 	 768 	 1.16079767166 	 44.445 	 66.667 	 6 	 -5.60622225078 	 1.50218272469 	 -5.60622225078 	 -1.50218272469 	 -5.49505546731 	 1.053846254 	 False 	 19 	 11 	14 	4 	1 	15 	16 	5 	12 	21 	17 	10 	9 	8 	22 	20 	7 	2 	24 	11 	19 	6 	3 	13 	18 	23 	0
WN 	 dot-jump 	 False 	 258 	 circle 	 1024 	 768 	 1.16079767166 	 44.445 	 66.667 	 11 	 -2.90199417916 	 -5.02640136157 	 -5.80398835832 	 0.0 	 -3.31208822687 	 -5.53269283352 	 False 	 7 	 9 	13 	16 	17 	19 	6 	18 	22 	11 	1 	7 	2 	10 	21 	9 	23 	14 	15 	8 	5 	24 	12 	20 	4 	3 	0
WN 	 dot-jump 	 False 	 259 	 circle 	 1024 	 768 	 1.16079767166 	 44.445 	 66.667 	 7 	 -5.80398835832 	 0.0 	 -2.90199417916 	 -5.02640136157 	 -5.57033019973 	 -0.150549464858 	 False 	 11 	 10 	2 	8 	13 	6 	17 	10 	24 	5 	18 	9 	11 	7 	12 	14 	19 	1 	20 	3 	15 	16 	22 	4 	21 	23 	0
WN 	 dot-jump 	 False 	 260 	 circle 	 1024 	 768 	 1.16079767166 	 44.445 	 66.667 	 8 	 -5.60622225078 	 -1.50218272469 	 5.60622225078 	 1.50218272469 	 -5.53269283352 	 -1.54313201479 	 False 	 9 	 14 	9 	16 	12 	11 	22 	10 	21 	6 	1 	8 	2 	13 	24 	17 	20 	7 	5 	23 	4 	14 	18 	3 	15 	19 	0
WN 	 dot-jump 	 False 	 261 	 circle 	 1024 	 768 	 1.16079767166 	 44.445 	 66.667 	 11 	 -2.90199417916 	 -5.02640136157 	 5.80398835832 	 0.0 	 -2.67225300122 	 -5.15631917138 	 False 	 14 	 11 	13 	23 	3 	12 	22 	15 	17 	16 	18 	7 	14 	19 	9 	21 	11 	6 	2 	1 	8 	24 	10 	5 	20 	4 	0
WN 	 dot-jump 	 False 	 262 	 circle 	 1024 	 768 	 1.16079767166 	 44.445 	 66.667 	 17 	 5.02640136157 	 -2.90199417916 	 -2.90199417916 	 5.02640136157 	 4.77994550923 	 -3.01098929715 	 False 	 15 	 14 	23 	22 	21 	19 	14 	15 	2 	12 	11 	6 	18 	9 	5 	10 	3 	17 	4 	24 	13 	7 	8 	1 	20 	16 	0
WN 	 dot-jump 	 False 	 263 	 circle 	 1024 	 768 	 1.16079767166 	 44.445 	 66.667 	 17 	 5.02640136157 	 -2.90199417916 	 5.60622225078 	 -1.50218272469 	 5.15631917138 	 -2.97335193094 	 False 	 13 	 16 	16 	6 	19 	22 	23 	11 	20 	7 	12 	9 	8 	3 	4 	17 	15 	1 	18 	14 	10 	21 	13 	24 	5 	2 	0
WN 	 dot-jump 	 False 	 264 	 circle 	 1024 	 768 	 1.16079767166 	 44.445 	 66.667 	 21 	 5.02640136157 	 2.90199417916 	 5.60622225078 	 1.50218272469 	 4.89285760787 	 3.23681349444 	 False 	 18 	 10 	23 	12 	22 	9 	15 	24 	11 	5 	18 	1 	20 	17 	10 	16 	13 	7 	2 	8 	21 	19 	6 	4 	14 	3 	0
WN 	 dot-jump 	 False 	 265 	 circle 	 1024 	 768 	 1.16079767166 	 44.445 	 66.667 	 17 	 5.02640136157 	 -2.90199417916 	 -5.02640136157 	 2.90199417916 	 5.00576970652 	 -2.67225300122 	 False 	 11 	 12 	20 	4 	18 	13 	3 	24 	1 	8 	16 	9 	10 	17 	5 	23 	2 	12 	7 	11 	22 	19 	14 	21 	15 	6 	0
WN 	 dot-jump 	 False 	 266 	 circle 	 1024 	 768 	 1.16079767166 	 44.445 	 66.667 	 10 	 -4.10403952609 	 -4.10403952609 	 1.50218272469 	 -5.60622225078 	 -4.25302238223 	 -4.25302238223 	 False 	 4 	 15 	18 	8 	6 	12 	10 	11 	4 	23 	15 	24 	3 	20 	1 	13 	19 	14 	9 	22 	21 	5 	7 	2 	17 	16 	0
WN 	 dot-jump 	 False 	 267 	 circle 	 1024 	 768 	 1.16079767166 	 44.445 	 66.667 	 24 	 1.50218272469 	 5.60622225078 	 1.50218272469 	 5.60622225078 	 1.84423094451 	 5.57033019973 	 True 	 13 	 13 	10 	9 	13 	23 	12 	5 	16 	4 	1 	20 	7 	3 	22 	24 	14 	15 	8 	11 	21 	6 	2 	19 	17 	18 	0
WN 	 dot-jump 	 False 	 268 	 circle 	 1024 	 768 	 1.16079767166 	 44.445 	 66.667 	 4 	 -4.10403952609 	 4.10403952609 	 -4.10403952609 	 -4.10403952609 	 -4.36593448087 	 3.9142860863 	 False 	 0 	 8 	4 	16 	9 	13 	19 	14 	24 	5 	10 	3 	8 	21 	6 	2 	20 	11 	23 	12 	17 	1 	22 	18 	7 	15 	0
WN 	 dot-jump 	 False 	 269 	 circle 	 1024 	 768 	 1.16079767166 	 44.445 	 66.667 	 14 	 1.50218272469 	 -5.60622225078 	 1.50218272469 	 -5.60622225078 	 0.865659422932 	 -5.45741810109 	 True 	 9 	 9 	3 	5 	17 	19 	12 	2 	21 	6 	7 	14 	23 	9 	8 	1 	18 	15 	24 	20 	11 	4 	16 	10 	13 	22 	0
